{"name":"BeamNGTrigger_1","class":"BeamNGTrigger","__parent":"SimGroup_1","position":[259.980713,-423.759705,33.996582],"debug":true,"rotationMatrix":[-1,0,0,0,-0.999999821,-1.00413963e-05,0,-1.02202102e-05,0.999999821],"scale":[3,3,3]}
{"name":"BeamNGTrigger_10","class":"BeamNGTrigger","__parent":"SimGroup_1","position":[-101.966675,-356.715485,34.1623535],"debug":true,"rotationMatrix":[-0.708269238,0.705942154,0,-0.705935538,-0.708262622,-0.00432285387,-0.0030516698,-0.00306171342,0.999990463],"scale":[3,3,3]}
{"name":"BeamNGTrigger_100","class":"BeamNGTrigger","__parent":"SimGroup_1","position":[128.453033,-285.391357,34.9975586],"debug":true,"rotationMatrix":[-1,0,0,0,-0.999999821,-1.00413963e-05,0,-1.02202102e-05,0.999999821],"scale":[3,3,3]}
{"name":"BeamNGTrigger_101","class":"BeamNGTrigger","__parent":"SimGroup_1","position":[142.481964,-279.552063,33.996582],"debug":true,"rotationMatrix":[-1,0,0,0,-0.999999821,-1.00413963e-05,0,-1.02202102e-05,0.999999821],"scale":[3,3,3]}
{"name":"BeamNGTrigger_102","class":"BeamNGTrigger","__parent":"SimGroup_1","position":[211.580719,-351.339081,34.0253296],"debug":true,"rotationMatrix":[0.554065466,0.83247292,2.98023188e-08,-0.832422435,0.554031968,-0.0109972022,-0.00915489718,0.00609313184,0.999939382],"scale":[3,3,3]}
{"name":"BeamNGTrigger_103","class":"BeamNGTrigger","__parent":"SimGroup_1","position":[-78.5629349,-300.009613,37.9974365],"debug":true,"rotationMatrix":[-1,0,0,0,-0.999999821,-1.00413963e-05,0,-1.02202102e-05,0.999999821],"scale":[3,3,3]}
{"name":"BeamNGTrigger_104","class":"BeamNGTrigger","__parent":"SimGroup_1","position":[-153.643326,-199.453812,39.3182983],"debug":true,"rotationMatrix":[-0.999753118,0.0222118087,9.31322464e-10,-0.0222118087,-0.999753058,-1.0101001e-05,-2.23596544e-07,-1.010098e-05,0.999999821],"scale":[3,3,3]}
{"name":"BeamNGTrigger_105","class":"BeamNGTrigger","__parent":"SimGroup_1","position":[-157.672195,-77.95755,38.999939],"debug":true,"rotationMatrix":[-1,0,0,0,-0.999999821,-1.00413963e-05,0,-1.02202102e-05,0.999999821],"scale":[3,3,3]}
{"name":"BeamNGTrigger_106","class":"BeamNGTrigger","__parent":"SimGroup_1","position":[-144.893082,-6.67266846,43.8203964],"debug":true,"rotationMatrix":[-0.108936891,-0.994048595,-5.96046377e-08,0.987865746,-0.108259298,-0.111359186,0.110696413,-0.0121312207,0.993780077],"scale":[3,3,3]}
{"name":"BeamNGTrigger_107","class":"BeamNGTrigger","__parent":"SimGroup_1","position":[-150.009827,74.9548798,34.7488403],"debug":true,"rotationMatrix":[-1,0,0,0,-0.999999821,-1.00413963e-05,0,-1.02202102e-05,0.999999821],"scale":[3,3,3]}
{"name":"BeamNGTrigger_108","class":"BeamNGTrigger","__parent":"SimGroup_1","position":[-172.720673,94.0704803,34.7991905],"debug":true,"rotationMatrix":[-1,0,0,0,-0.999999821,-1.00413963e-05,0,-1.02202102e-05,0.999999821],"scale":[3,3,3]}
{"name":"BeamNGTrigger_109","class":"BeamNGTrigger","__parent":"SimGroup_1","position":[-117.637794,115.128433,34.7991905],"debug":true,"rotationMatrix":[-1,0,0,0,-0.999999821,-1.00413963e-05,0,-1.02202102e-05,0.999999821],"scale":[3,3,3]}
{"name":"BeamNGTrigger_11","class":"BeamNGTrigger","__parent":"SimGroup_1","position":[-73.0722504,-374.091248,34.09729],"debug":true,"rotationMatrix":[-1,0,0,0,-0.999999821,-1.00413963e-05,0,-1.02202102e-05,0.999999821],"scale":[3,3,3]}
{"name":"BeamNGTrigger_110","class":"BeamNGTrigger","__parent":"SimGroup_1","position":[-148.311493,117.811371,34.7991943],"debug":true,"rotationMatrix":[-1,0,0,0,-0.999999821,-1.00413963e-05,0,-1.02202102e-05,0.999999821],"scale":[3,3,3]}
{"name":"BeamNGTrigger_111","class":"BeamNGTrigger","__parent":"SimGroup_1","position":[-166.94928,143.944,34.7991943],"debug":true,"rotationMatrix":[-1,0,0,0,-0.999999821,-1.00413963e-05,0,-1.02202102e-05,0.999999821],"scale":[3,3,3]}
{"name":"BeamNGTrigger_112","class":"BeamNGTrigger","__parent":"SimGroup_1","position":[-130.613724,144.436646,34.7991943],"debug":true,"rotationMatrix":[-1,0,0,0,-0.999999821,-1.00413963e-05,0,-1.02202102e-05,0.999999821],"scale":[3,3,3]}
{"name":"BeamNGTrigger_113","class":"BeamNGTrigger","__parent":"SimGroup_1","position":[-228.626648,137.207138,35.9985313],"debug":true,"rotationMatrix":[-1,0,0,0,-0.999999821,-1.00413963e-05,0,-1.02202102e-05,0.999999821],"scale":[3,3,3]}
{"name":"BeamNGTrigger_114","class":"BeamNGTrigger","__parent":"SimGroup_1","position":[-274.561676,183.370422,35.9985352],"debug":true,"rotationMatrix":[-1,0,0,0,-0.999999821,-1.00413963e-05,0,-1.02202102e-05,0.999999821],"scale":[3,3,3]}
{"name":"BeamNGTrigger_115","class":"BeamNGTrigger","__parent":"SimGroup_1","position":[-217.460403,203.14209,36.0200005],"debug":true,"rotationMatrix":[-0.99992907,-0.0119193885,0,0.0119193876,-0.999928832,-1.0101001e-05,1.22113931e-07,-1.02202048e-05,0.999999821],"scale":[3,3,3]}
{"name":"BeamNGTrigger_116","class":"BeamNGTrigger","__parent":"SimGroup_1","position":[-229.855042,184.448166,35.9985428],"debug":true,"rotationMatrix":[-1,0,0,0,-0.999999821,-1.00413963e-05,0,-1.02202102e-05,0.999999821],"scale":[3,3,3]}
{"name":"BeamNGTrigger_117","class":"BeamNGTrigger","__parent":"SimGroup_1","position":[-255.303833,247.301071,36.0200005],"debug":true,"rotationMatrix":[-1,0,0,0,-0.999999821,-1.00413963e-05,0,-1.02202102e-05,0.999999821],"scale":[3,3,3]}
{"name":"BeamNGTrigger_118","class":"BeamNGTrigger","__parent":"SimGroup_1","position":[-207.220535,268.323578,36.0200043],"debug":true,"rotationMatrix":[-0.999925494,0.0121955406,0,-0.0121955397,-0.999925435,-9.98179166e-06,-1.21206753e-07,-9.86257601e-06,0.999999821],"scale":[3,3,3]}
{"name":"BeamNGTrigger_119","class":"BeamNGTrigger","__parent":"SimGroup_1","position":[-207.2621,259.743652,36.0199966],"debug":true,"rotationMatrix":[-1,0,0,0,-0.999999821,-1.00413963e-05,0,-1.02202102e-05,0.999999821],"scale":[3,3,3]}
{"name":"BeamNGTrigger_12","class":"BeamNGTrigger","__parent":"SimGroup_1","position":[-48.796524,-327.773315,34.09729],"debug":true,"rotationMatrix":[-1,0,0,0,-0.999999821,-1.00413963e-05,0,-1.02202102e-05,0.999999821],"scale":[3,3,3]}
{"name":"BeamNGTrigger_120","class":"BeamNGTrigger","__parent":"SimGroup_1","position":[-198.995773,335.450378,35.9985313],"debug":true,"rotationMatrix":[-1,0,0,0,-0.999999821,-1.00413963e-05,0,-1.02202102e-05,0.999999821],"scale":[3,3,3]}
{"name":"BeamNGTrigger_121","class":"BeamNGTrigger","__parent":"SimGroup_1","position":[-280.003723,310.968048,35.9985313],"debug":true,"rotationMatrix":[-1,0,0,0,-0.999999821,-1.00413963e-05,0,-1.02202102e-05,0.999999821],"scale":[3,3,3]}
{"name":"BeamNGTrigger_122","class":"BeamNGTrigger","__parent":"SimGroup_1","position":[-288.810181,290.558838,35.9985352],"debug":true,"rotationMatrix":[-1,0,0,0,-0.999999821,-1.00413963e-05,0,-1.02202102e-05,0.999999821],"scale":[3,3,3]}
{"name":"BeamNGTrigger_123","class":"BeamNGTrigger","__parent":"SimGroup_1","position":[-267.259155,290.083984,35.9985352],"debug":true,"rotationMatrix":[-1,0,0,0,-0.999999821,-1.00413963e-05,0,-1.02202102e-05,0.999999821],"scale":[3,3,3]}
{"name":"BeamNGTrigger_124","class":"BeamNGTrigger","__parent":"SimGroup_1","position":[-292.516449,253.865677,35.9985352],"debug":true,"rotationMatrix":[-1,0,0,0,-0.999999821,-1.00413963e-05,0,-1.02202102e-05,0.999999821],"scale":[3,3,3]}
{"name":"BeamNGTrigger_125","class":"BeamNGTrigger","__parent":"SimGroup_1","position":[-287.3638,229.153397,35.9985352],"debug":true,"rotationMatrix":[-1,0,0,0,-0.999999821,-1.00413963e-05,0,-1.02202102e-05,0.999999821],"scale":[3,3,3]}
{"name":"BeamNGTrigger_126","class":"BeamNGTrigger","__parent":"SimGroup_1","position":[-287.505554,209.214767,35.9985352],"debug":true,"rotationMatrix":[-1,0,0,0,-0.999999821,-1.00413963e-05,0,-1.02202102e-05,0.999999821],"scale":[3,3,3]}
{"name":"BeamNGTrigger_127","class":"BeamNGTrigger","__parent":"SimGroup_1","position":[-161.974579,294.83548,35.9985352],"debug":true,"rotationMatrix":[-1,0,0,0,-0.999999821,-1.00413963e-05,0,-1.02202102e-05,0.999999821],"scale":[3,3,3]}
{"name":"BeamNGTrigger_128","class":"BeamNGTrigger","__parent":"SimGroup_1","position":[-187.748016,280.171783,35.9985352],"debug":true,"rotationMatrix":[-1,0,0,0,-0.999999821,-1.00413963e-05,0,-1.02202102e-05,0.999999821],"scale":[3,3,3]}
{"name":"BeamNGTrigger_129","class":"BeamNGTrigger","__parent":"SimGroup_1","position":[-159.615555,265.056427,35.9985352],"debug":true,"rotationMatrix":[-1,0,0,0,-0.999999821,-1.00413963e-05,0,-1.02202102e-05,0.999999821],"scale":[3,3,3]}
{"name":"BeamNGTrigger_13","class":"BeamNGTrigger","__parent":"SimGroup_1","position":[-81.7553711,-287.302979,37.9974365],"debug":true,"rotationMatrix":[-1,0,0,0,-0.999999821,-1.00413963e-05,0,-1.02202102e-05,0.999999821],"scale":[3,3,3]}
{"name":"BeamNGTrigger_130","class":"BeamNGTrigger","__parent":"SimGroup_1","position":[-173.499619,242.800766,35.9985352],"debug":true,"rotationMatrix":[-1,0,0,0,-0.999999821,-1.00413963e-05,0,-1.02202102e-05,0.999999821],"scale":[3,3,3]}
{"name":"BeamNGTrigger_131","class":"BeamNGTrigger","__parent":"SimGroup_1","position":[-141.754852,232.225906,36.0420609],"debug":true,"rotationMatrix":[0.997597277,-0.0692775846,0,0.068861261,0.991602182,-0.109466203,0.00758355204,0.109203167,0.993990302],"scale":[3,3,3]}
{"name":"BeamNGTrigger_132","class":"BeamNGTrigger","__parent":"SimGroup_1","position":[-96.2654572,287.996399,33.516571],"debug":true,"rotationMatrix":[0.446428001,0.894819438,0,-0.89477253,0.446404666,-0.0102309845,-0.00915493257,0.0045674229,0.999947548],"scale":[3,3,3]}
{"name":"BeamNGTrigger_133","class":"BeamNGTrigger","__parent":"SimGroup_1","position":[-46.2404022,285.341522,33.4874039],"debug":true,"rotationMatrix":[-0.554700136,0.832050204,0,-0.831936836,-0.554624557,-0.0165027622,-0.0137311323,-0.00915412791,0.999863684],"scale":[3,3,3]}
{"name":"BeamNGTrigger_134","class":"BeamNGTrigger","__parent":"SimGroup_1","position":[-73.5503998,326.416229,32.9213181],"debug":true,"rotationMatrix":[-0.832600355,-0.553873658,-2.98023188e-08,0.553865314,-0.832587779,-0.00551005919,0.00305183535,-0.0045876028,0.999984562],"scale":[3,3,3]}
{"name":"BeamNGTrigger_135","class":"BeamNGTrigger","__parent":"SimGroup_1","position":[-35.571167,328.977264,33.450592],"debug":true,"rotationMatrix":[-0.252421796,0.967617154,0,-0.966981292,-0.252255976,-0.0362459011,-0.0350722559,-0.00914921425,0.99934274],"scale":[3,3,3]}
{"name":"BeamNGTrigger_136","class":"BeamNGTrigger","__parent":"SimGroup_1","position":[18.9388275,300.305145,33.7698746],"debug":true,"rotationMatrix":[-0.555951357,-0.831214547,-2.98023188e-08,0.831201851,-0.555942953,-0.00550725777,0.00457770843,-0.00306170015,0.999984622],"scale":[3,3,3]}
{"name":"BeamNGTrigger_137","class":"BeamNGTrigger","__parent":"SimGroup_1","position":[54.900116,328.526398,34.1895027],"debug":true,"rotationMatrix":[-0.991600156,0.129339144,0,-0.129258215,-0.990979671,-0.0353704877,-0.00457478594,-0.0350732394,0.999374032],"scale":[3,3,3]}
{"name":"BeamNGTrigger_138","class":"BeamNGTrigger","__parent":"SimGroup_1","position":[134.224487,320.306549,34.0786285],"debug":true,"rotationMatrix":[-0.784045696,0.620702803,2.98023188e-08,-0.620026827,-0.7831918,-0.0466571636,-0.0289602168,-0.0365813375,0.998910785],"scale":[3,3,3]}
{"name":"BeamNGTrigger_139","class":"BeamNGTrigger","__parent":"SimGroup_1","position":[103.10701,298.827332,37.1470375],"debug":true,"rotationMatrix":[-0.434749067,0.900551558,2.98023188e-08,-0.899466217,-0.434225082,-0.0490780622,-0.0441972427,-0.0213367082,0.998794734],"scale":[3,3,3]}
{"name":"BeamNGTrigger_14","class":"BeamNGTrigger","__parent":"SimGroup_1","position":[-88.7556305,-315.15799,37.9974365],"debug":true,"rotationMatrix":[-1,0,0,0,-0.999999821,-1.00413963e-05,0,-1.02202102e-05,0.999999821],"scale":[3,3,3]}
{"name":"BeamNGTrigger_140","class":"BeamNGTrigger","__parent":"SimGroup_1","position":[195.198578,205.282883,38.4767838],"debug":true,"rotationMatrix":[0.88775444,0.460317135,-1.49011594e-08,-0.459822208,0.886799932,-0.0463579483,-0.0213393494,0.0411544554,0.998924732],"scale":[3,3,3]}
{"name":"BeamNGTrigger_141","class":"BeamNGTrigger","__parent":"SimGroup_1","position":[228.714233,218.365433,38.9342384],"debug":true,"rotationMatrix":[0.236816496,-0.97155422,-2.98023188e-08,0.868087649,0.211596429,-0.449054956,0.436281264,0.10634362,0.893503904],"scale":[3,3,3]}
{"name":"BeamNGTrigger_142","class":"BeamNGTrigger","__parent":"SimGroup_1","position":[262.910919,243.087845,42.7738113],"debug":true,"rotationMatrix":[0.140383154,0.990097106,0,-0.54538393,0.077328451,-0.834611416,-0.826346457,0.117165431,0.550838768],"scale":[3,3,3]}
{"name":"BeamNGTrigger_143","class":"BeamNGTrigger","__parent":"SimGroup_1","position":[330.869965,238.226761,43.1026192],"debug":true,"rotationMatrix":[2.98023167e-07,-0.999999881,0,0.846999645,2.38418522e-07,-0.531593025,0.531593025,1.78813906e-07,0.846999645],"scale":[3,3,3]}
{"name":"BeamNGTrigger_144","class":"BeamNGTrigger","__parent":"SimGroup_1","position":[376.150879,214.455704,41.8484573],"debug":true,"rotationMatrix":[-0.99678576,-0.0801105425,3.72528985e-09,0.0658583716,-0.819451272,-0.56935209,0.0456111208,-0.567522109,0.822093546],"scale":[3,3,3]}
{"name":"BeamNGTrigger_145","class":"BeamNGTrigger","__parent":"SimGroup_1","position":[361.936707,106.174545,37.9972305],"debug":true,"rotationMatrix":[0.997245073,0.0741752461,0,-0.07293576,0.980580747,-0.182047665,-0.0135034285,0.181546152,0.98328954],"scale":[3,3,3]}
{"name":"BeamNGTrigger_146","class":"BeamNGTrigger","__parent":"SimGroup_1","position":[276.201355,158.950882,41.4084854],"debug":true,"rotationMatrix":[-0.240764827,-0.97058332,2.98023188e-08,0.951218784,-0.235961244,-0.198757991,0.192911193,-0.0478539579,0.980048358],"scale":[3,3,3]}
{"name":"BeamNGTrigger_147","class":"BeamNGTrigger","__parent":"SimGroup_1","position":[338.169647,203.240265,52.0990868],"debug":true,"rotationMatrix":[2.98023167e-07,-0.999999881,2.98023188e-08,0.98799938,2.98023167e-07,-0.154456556,0.154456556,1.1920929e-07,0.987999439],"scale":[3,3,3]}
{"name":"BeamNGTrigger_148","class":"BeamNGTrigger","__parent":"SimGroup_1","position":[332.714264,138.792587,43.1595726],"debug":true,"rotationMatrix":[-0.999999881,8.7851177e-08,0,-8.7851177e-08,-0.999999762,-1.00413963e-05,-8.81647619e-13,-9.98179166e-06,0.999999762],"scale":[3,3,3]}
{"name":"BeamNGTrigger_149","class":"BeamNGTrigger","__parent":"SimGroup_1","position":[306.978455,225.146469,45.476387],"debug":true,"rotationMatrix":[0.437595069,-0.899171948,0,0.895852089,0.435979307,-0.0858521014,0.0771957412,0.0375684798,0.996307671],"scale":[3,3,3]}
{"name":"BeamNGTrigger_15","class":"BeamNGTrigger","__parent":"SimGroup_1","position":[-142.32399,-314.767273,37.9959106],"debug":true,"rotationMatrix":[-1,0,0,0,-0.999999821,-1.00413963e-05,0,-1.02202102e-05,0.999999821],"scale":[3,3,3]}
{"name":"BeamNGTrigger_150","class":"BeamNGTrigger","__parent":"SimGroup_1","position":[154.879517,-49.1032524,36.1190796],"debug":true,"rotationMatrix":[-1,0,0,0,-0.999999821,-1.00413963e-05,0,-1.02202102e-05,0.999999821],"scale":[3,3,3]}
{"name":"BeamNGTrigger_151","class":"BeamNGTrigger","__parent":"SimGroup_1","position":[163.452148,-40.6512756,36.1190796],"debug":true,"rotationMatrix":[-1,0,0,0,-0.999999821,-1.00413963e-05,0,-1.02202102e-05,0.999999821],"scale":[3,3,3]}
{"name":"BeamNGTrigger_152","class":"BeamNGTrigger","__parent":"SimGroup_1","position":[168.137695,-36.9942398,36.1190796],"debug":true,"rotationMatrix":[-1,0,0,0,-0.999999821,-1.00413963e-05,0,-1.02202102e-05,0.999999821],"scale":[3,3,3]}
{"name":"BeamNGTrigger_153","class":"BeamNGTrigger","__parent":"SimGroup_1","position":[176.17804,-27.9607964,36.1190834],"debug":true,"rotationMatrix":[-1,0,0,0,-0.999999821,-1.00413963e-05,0,-1.02202102e-05,0.999999821],"scale":[3,3,3]}
{"name":"BeamNGTrigger_154","class":"BeamNGTrigger","__parent":"SimGroup_1","position":[198.337006,-9.57255554,36.126709],"debug":true,"rotationMatrix":[-1,0,0,0,-0.999999821,-1.00413963e-05,0,-1.02202102e-05,0.999999821],"scale":[3,3,3]}
{"name":"BeamNGTrigger_155","class":"BeamNGTrigger","__parent":"SimGroup_1","position":[273.846191,-291.045624,38.4938431],"debug":true,"rotationMatrix":[0.979238987,-0.202708691,-7.45057971e-09,0.182081923,0.879595637,-0.439496517,0.089089781,0.430372179,0.898244023],"scale":[3,3,3]}
{"name":"BeamNGTrigger_156","class":"BeamNGTrigger","__parent":"SimGroup_1","position":[385.477173,-171.047195,38.1329041],"debug":true,"rotationMatrix":[-0.246465296,0.969151497,0,-0.910322964,-0.231504604,-0.343099624,-0.332515538,-0.0845620707,0.939298749],"scale":[3,3,3]}
{"name":"BeamNGTrigger_157","class":"BeamNGTrigger","__parent":"SimGroup_1","position":[358.36554,-267.382141,36.7026634],"debug":true,"rotationMatrix":[0.739440382,0.673221827,0,-0.666878164,0.732472777,-0.136955738,-0.0922016054,0.101270601,0.990577042],"scale":[3,3,3]}
{"name":"BeamNGTrigger_158","class":"BeamNGTrigger","__parent":"SimGroup_1","position":[364.49173,-275.125092,40.8024216],"debug":true,"rotationMatrix":[0.742025852,0.670370996,-1.49011594e-08,-0.484015763,0.535751402,-0.691880643,-0.463816762,0.513393402,0.722011745],"scale":[3,3,3]}
{"name":"BeamNGTrigger_159","class":"BeamNGTrigger","__parent":"SimGroup_1","position":[263.343384,-41.6552277,36.3803444],"debug":true,"rotationMatrix":[-0.739940047,0.672672749,2.98023188e-08,-0.672499776,-0.73974967,-0.0226781014,-0.0152549408,-0.0167805571,0.999742687],"scale":[3,3,3]}
{"name":"BeamNGTrigger_16","class":"BeamNGTrigger","__parent":"SimGroup_1","position":[114.681671,-352.200928,38.5884361],"debug":true,"rotationMatrix":[-1,0,0,0,-0.999999821,-1.00413963e-05,0,-1.02202102e-05,0.999999821],"scale":[3,3,3]}
{"name":"BeamNGTrigger_160","class":"BeamNGTrigger","__parent":"SimGroup_1","position":[270.632172,-34.2736359,36.6767159],"debug":true,"rotationMatrix":[-0.70710659,0.70710665,0,-0.706736505,-0.706736505,-0.0323519297,-0.0228762012,-0.0228762012,0.999476314],"scale":[3,3,3]}
{"name":"BeamNGTrigger_161","class":"BeamNGTrigger","__parent":"SimGroup_1","position":[187.096985,40.3257484,43.7810173],"debug":true,"rotationMatrix":[0.915956914,-0.40127635,-1.49011594e-08,0.395274907,0.902257979,-0.172301948,0.0691407099,0.157821164,0.985044062],"scale":[3,3,3]}
{"name":"BeamNGTrigger_162","class":"BeamNGTrigger","__parent":"SimGroup_1","position":[188.602417,28.6279182,45.8419151],"debug":true,"rotationMatrix":[0.888107896,0.459634751,0,-0.451063961,0.871547341,-0.192213818,-0.0883481428,0.170706674,0.981352925],"scale":[3,3,3]}
{"name":"BeamNGTrigger_163","class":"BeamNGTrigger","__parent":"SimGroup_1","position":[117.101654,104.05542,35.6506348],"debug":true,"rotationMatrix":[-1,0,0,0,-0.999999821,-1.00413963e-05,0,-1.02202102e-05,0.999999821],"scale":[3,3,3]}
{"name":"BeamNGTrigger_164","class":"BeamNGTrigger","__parent":"SimGroup_1","position":[4.67448425,183.022278,37.3443604],"debug":true,"rotationMatrix":[-1,0,0,0,-0.999999821,-1.00413963e-05,0,-1.02202102e-05,0.999999821],"scale":[3,3,3]}
{"name":"BeamNGTrigger_165","class":"BeamNGTrigger","__parent":"SimGroup_1","position":[11.0297699,182.209946,37.3443604],"debug":true,"rotationMatrix":[-1,0,0,0,-0.999999821,-1.00413963e-05,0,-1.02202102e-05,0.999999821],"scale":[3,3,3]}
{"name":"BeamNGTrigger_166","class":"BeamNGTrigger","__parent":"SimGroup_1","position":[17.6247406,182.99472,37.3443604],"debug":true,"rotationMatrix":[-1,0,0,0,-0.999999821,-1.00413963e-05,0,-1.02202102e-05,0.999999821],"scale":[3,3,3]}
{"name":"BeamNGTrigger_167","class":"BeamNGTrigger","__parent":"SimGroup_1","position":[28.9360962,136.605743,36.0992432],"debug":true,"rotationMatrix":[-1,0,0,0,-0.999999821,-1.00413963e-05,0,-1.02202102e-05,0.999999821],"scale":[3,3,3]}
{"name":"BeamNGTrigger_168","class":"BeamNGTrigger","__parent":"SimGroup_1","position":[28.530365,144.63089,36.1486664],"debug":true,"rotationMatrix":[0.70710665,0.707106709,0,-0.706685603,0.706685662,-0.0345061608,-0.024399545,0.0243995152,0.999404371],"scale":[3,3,3]}
{"name":"BeamNGTrigger_169","class":"BeamNGTrigger","__parent":"SimGroup_1","position":[-39.9008484,-9.31297684,36.4891396],"debug":true,"rotationMatrix":[0.248802871,-0.968554139,0,0.954581916,0.245213732,-0.169243515,0.163921565,0.042108193,0.985574186],"scale":[3,3,3]}
{"name":"BeamNGTrigger_17","class":"BeamNGTrigger","__parent":"SimGroup_1","position":[-196.927933,-301.171326,44.6630936],"debug":true,"rotationMatrix":[-0.951344848,-0.30812788,0,0.286466539,-0.884465337,-0.368317157,0.113488778,-0.350396663,0.929700017],"scale":[3,3,3]}
{"name":"BeamNGTrigger_170","class":"BeamNGTrigger","__parent":"SimGroup_1","position":[-48.1086884,-17.2850189,38.5464935],"debug":true,"rotationMatrix":[0.652939498,-0.757409811,0,0.746037483,0.643135726,-0.172638774,0.130758256,0.112722673,0.984984994],"scale":[3,3,3]}
{"name":"BeamNGTrigger_171","class":"BeamNGTrigger","__parent":"SimGroup_1","position":[380.354065,352.887909,40.5099983],"debug":true,"rotationMatrix":[-1,0,0,0,-0.999999821,-1.00413963e-05,0,-1.02202102e-05,0.999999821],"scale":[3,3,3]}
{"name":"BeamNGTrigger_172","class":"BeamNGTrigger","__parent":"SimGroup_1","position":[369.159729,349.225555,40.5099983],"debug":true,"rotationMatrix":[-1,0,0,0,-0.999999821,-1.00413963e-05,0,-1.02202102e-05,0.999999821],"scale":[3,3,3]}
{"name":"BeamNGTrigger_173","class":"BeamNGTrigger","__parent":"SimGroup_1","position":[264.421967,413.659485,40.4454651],"debug":true,"rotationMatrix":[-0.0489609167,0.998800576,5.96046377e-08,-0.986890614,-0.0483769961,-0.153968394,-0.153783798,-0.00753844064,0.988075554],"scale":[3,3,3]}
{"name":"BeamNGTrigger_174","class":"BeamNGTrigger","__parent":"SimGroup_1","position":[235.516571,372.584412,37.3926964],"debug":true,"rotationMatrix":[0.989044249,-0.147618532,0,0.146836177,0.983802438,-0.102818616,0.0151779307,0.101692148,0.994699955],"scale":[3,3,3]}
{"name":"BeamNGTrigger_175","class":"BeamNGTrigger","__parent":"SimGroup_1","position":[107.542023,392.540314,38.968132],"debug":true,"rotationMatrix":[0.150441915,0.988618731,0,-0.986136377,0.15006426,-0.0708202869,-0.0700142831,0.0106543414,0.997488976],"scale":[3,3,3]}
{"name":"BeamNGTrigger_176","class":"BeamNGTrigger","__parent":"SimGroup_1","position":[5.23121643,413.096985,35.2227898],"debug":true,"rotationMatrix":[-0.959365368,0.282166272,0,-0.281754583,-0.957965612,-0.0539984852,-0.0152365481,-0.0518042557,0.998540878],"scale":[3,3,3]}
{"name":"BeamNGTrigger_177","class":"BeamNGTrigger","__parent":"SimGroup_1","position":[-31.4985046,395.554352,33.7071381],"debug":true,"rotationMatrix":[0.416277409,-0.909237504,0,0.900543332,0.412296981,-0.137958407,0.125436947,0.0574289821,0.990437865],"scale":[3,3,3]}
{"name":"BeamNGTrigger_178","class":"BeamNGTrigger","__parent":"SimGroup_1","position":[-102.395248,413.598297,36.0496292],"debug":true,"rotationMatrix":[-0.866185427,-0.499722362,2.98023188e-08,0.499199003,-0.865278244,-0.0457539149,0.0228642616,-0.0396313146,0.998952508],"scale":[3,3,3]}
{"name":"BeamNGTrigger_179","class":"BeamNGTrigger","__parent":"SimGroup_1","position":[-191.768753,402.069092,34.9100151],"debug":true,"rotationMatrix":[0.314358771,0.949304104,2.98023188e-08,-0.949293077,0.314355135,-0.00482210238,-0.00457765907,0.00151577324,0.999988198],"scale":[3,3,3]}
{"name":"BeamNGTrigger_18","class":"BeamNGTrigger","__parent":"SimGroup_1","position":[-193.660797,-124.887344,45.8764038],"debug":true,"rotationMatrix":[0,-0.999999881,2.98023188e-08,0.964557469,-2.98023171e-08,-0.263872296,0.263872296,-2.60540135e-15,0.964557469],"scale":[3,3,3]}
{"name":"BeamNGTrigger_180","class":"BeamNGTrigger","__parent":"SimGroup_1","position":[-276.046326,406.471069,34.8493996],"debug":true,"rotationMatrix":[-0.877895474,0.478852063,-2.98023188e-08,-0.478764534,-0.877735019,-0.0191157702,-0.00915364455,-0.0167816412,0.999817133],"scale":[3,3,3]}
{"name":"BeamNGTrigger_181","class":"BeamNGTrigger","__parent":"SimGroup_1","position":[-305.462646,412.784088,34.7771759],"debug":true,"rotationMatrix":[-0.999999762,-1.99343049e-05,0,1.99342103e-05,-0.999995112,-0.00306185801,6.10351876e-08,-0.0030617388,0.999995112],"scale":[3,3,3]}
{"name":"BeamNGTrigger_182","class":"BeamNGTrigger","__parent":"SimGroup_1","position":[-299.913544,412.614136,34.8899879],"debug":true,"rotationMatrix":[0.999966085,0.00822401978,0,-0.00803975575,0.977561235,-0.210497364,-0.0017311353,0.210490271,0.977594256],"scale":[3,3,3]}
{"name":"BeamNGTrigger_183","class":"BeamNGTrigger","__parent":"SimGroup_1","position":[-370.093842,290.690063,32.232666],"debug":true,"rotationMatrix":[-1,0,0,0,-0.999999821,-1.00413963e-05,0,-1.02202102e-05,0.999999821],"scale":[3,3,3]}
{"name":"BeamNGTrigger_184","class":"BeamNGTrigger","__parent":"SimGroup_1","position":[-353.747437,290.40979,32.2320442],"debug":true,"rotationMatrix":[-0.00655352976,-0.999978423,2.98023188e-08,0.999977171,-0.00655346969,-0.00152596598,0.00152596598,-1.00141515e-05,0.999998689],"scale":[3,3,3]}
{"name":"BeamNGTrigger_185","class":"BeamNGTrigger","__parent":"SimGroup_1","position":[-342.878326,174.624619,32.232666],"debug":true,"rotationMatrix":[-1,0,0,0,-0.999999821,-1.00413963e-05,0,-1.02202102e-05,0.999999821],"scale":[3,3,3]}
{"name":"BeamNGTrigger_186","class":"BeamNGTrigger","__parent":"SimGroup_1","position":[-350.543701,143.441635,32.136364],"debug":true,"rotationMatrix":[-0.999999762,-1.99343049e-05,0,1.99342103e-05,-0.999995112,-0.00306185801,6.10351876e-08,-0.0030617388,0.999995112],"scale":[3,3,3]}
{"name":"BeamNGTrigger_187","class":"BeamNGTrigger","__parent":"SimGroup_1","position":[-236.982315,101.943069,38.5313721],"debug":true,"rotationMatrix":[-0.429016769,-0.903296351,2.98023188e-08,0.903296292,-0.429016858,-9.27726214e-05,8.3793675e-05,-3.97341937e-05,0.999999821],"scale":[3,3,3]}
{"name":"BeamNGTrigger_188","class":"BeamNGTrigger","__parent":"SimGroup_1","position":[-298.59726,361.418213,34.5763893],"debug":true,"rotationMatrix":[-0.00131070591,-0.999999046,2.98023188e-08,0.9999699,-0.00131070591,-0.00762924226,0.00762927206,-1.00136931e-05,0.999970734],"scale":[3,3,3]}
{"name":"BeamNGTrigger_189","class":"BeamNGTrigger","__parent":"SimGroup_1","position":[224.782593,281.452209,38.2597885],"debug":true,"rotationMatrix":[0.287347853,0.957826138,0,-0.9573403,0.28720212,-0.031845171,-0.030502189,0.00915064756,0.999492645],"scale":[3,3,3]}
{"name":"BeamNGTrigger_19","class":"BeamNGTrigger","__parent":"SimGroup_1","position":[-200.207504,-168.996689,50.0703621],"debug":true,"rotationMatrix":[0.999999881,0,-0.000422267825,0,0.99999994,0,0.000422267796,0,0.999999821],"scale":[3,3,3]}
{"name":"BeamNGTrigger_190","class":"BeamNGTrigger","__parent":"SimGroup_1","position":[413.897522,118.266068,37.6164703],"debug":true,"rotationMatrix":[-0.999999881,-1.99714959e-05,0,1.9970912e-05,-0.999970675,-0.00763919624,1.52566727e-07,-0.00763925584,0.999970675],"scale":[3,3,3]}
{"name":"BeamNGTrigger_191","class":"BeamNGTrigger","__parent":"SimGroup_1","position":[384.197021,55.1722755,37.4253616],"debug":true,"rotationMatrix":[-0.999405861,0.0344622657,0,-0.0344285369,-0.998427629,-0.0442336388,-0.00152438961,-0.0442072935,0.999021053],"scale":[3,3,3]}
{"name":"BeamNGTrigger_192","class":"BeamNGTrigger","__parent":"SimGroup_1","position":[424.456238,-115.53714,36.1557007],"debug":true,"rotationMatrix":[-1,0,0,0,-0.999999821,-1.00413963e-05,0,-1.02202102e-05,0.999999821],"scale":[3,3,3]}
{"name":"BeamNGTrigger_193","class":"BeamNGTrigger","__parent":"SimGroup_1","position":[298.355865,8.17385864,38.1003342],"debug":true,"rotationMatrix":[-0.966234803,0.257662594,1.49011594e-08,-0.244564742,-0.917117715,-0.314774185,-0.0811055601,-0.304145843,0.949166417],"scale":[3,3,3]}
{"name":"BeamNGTrigger_194","class":"BeamNGTrigger","__parent":"SimGroup_1","position":[405.582825,-343.068359,35.1415749],"debug":true,"rotationMatrix":[-0.806404948,0.591363549,0,-0.591125488,-0.806080222,-0.0283716545,-0.0167779811,-0.0228790715,0.999597311],"scale":[3,3,3]}
{"name":"BeamNGTrigger_195","class":"BeamNGTrigger","__parent":"SimGroup_1","position":[-12.5919495,-119.891113,35.8856888],"debug":true,"rotationMatrix":[-0.960346103,0.278810143,-1.49011594e-08,-0.278472543,-0.959183216,-0.049195841,-0.013716287,-0.0472449809,0.998788953],"scale":[3,3,3]}
{"name":"BeamNGTrigger_196","class":"BeamNGTrigger","__parent":"SimGroup_1","position":[-35.1936188,-107.476768,36.0837479],"debug":true,"rotationMatrix":[-0.895017982,0.446029693,1.49011594e-08,-0.44602707,-0.895012677,-0.0034210356,-0.00152585795,-0.00306184893,0.99999398],"scale":[3,3,3]}
{"name":"BeamNGTrigger_197","class":"BeamNGTrigger","__parent":"SimGroup_1","position":[-48.3030548,-135.848709,36.156662],"debug":true,"rotationMatrix":[-0.0356914923,-0.999362707,2.98023188e-08,0.998450696,-0.0356589481,-0.0427128859,0.0426856764,-0.00152445119,0.999087274],"scale":[3,3,3]}
{"name":"BeamNGTrigger_198","class":"BeamNGTrigger","__parent":"SimGroup_1","position":[-31.1762543,-133.178375,35.4790802],"debug":true,"rotationMatrix":[-0.481918752,-0.876215816,0,0.875684798,-0.481626719,-0.0348077007,0.0304991119,-0.0167745743,0.99939394],"scale":[3,3,3]}
{"name":"BeamNGTrigger_199","class":"BeamNGTrigger","__parent":"SimGroup_1","position":[-47.8812103,-168.550629,36.5308228],"debug":true,"rotationMatrix":[0.76338613,-0.645942152,0,0.645724177,0.763128579,-0.0259760842,0.0167790577,0.0198298134,0.999662459],"scale":[3,3,3]}
{"name":"BeamNGTrigger_2","class":"BeamNGTrigger","__parent":"SimGroup_1","position":[260.907715,-410.115967,34.9445648],"debug":true,"rotationMatrix":[0.24298051,-0.970031023,-2.27373648e-13,-5.00675787e-06,-1.25412942e-06,-0.999999821,0.970030963,0.242980495,-5.16144109e-06],"scale":[3,3,3]}
{"name":"BeamNGTrigger_20","class":"BeamNGTrigger","__parent":"SimGroup_1","position":[-200.468063,-236.011475,46.1747131],"debug":true,"rotationMatrix":[-1,1.4901163e-08,0,-1.48916453e-08,-0.999361157,-0.0357366987,-5.32519639e-10,-0.0357368775,0.999361157],"scale":[3,3,3]}
{"name":"BeamNGTrigger_200","class":"BeamNGTrigger","__parent":"SimGroup_1","position":[-9.80326843,-174.360886,37.4099426],"debug":true,"rotationMatrix":[0.999480009,-0.0322412886,0,0.0320978239,0.995032489,-0.0942325667,0.00303818029,0.0941835716,0.995550096],"scale":[3,3,3]}
{"name":"BeamNGTrigger_201","class":"BeamNGTrigger","__parent":"SimGroup_1","position":[-29.7731781,-154.867477,35.883606],"debug":true,"rotationMatrix":[0.930408239,-0.366524458,-1.49011594e-08,0.365988851,0.929048598,-0.0540412813,0.0198074859,0.050280463,0.998538554],"scale":[3,3,3]}
{"name":"BeamNGTrigger_202","class":"BeamNGTrigger","__parent":"SimGroup_1","position":[-49.4477692,-207.20108,37.6291656],"debug":true,"rotationMatrix":[0.894427061,-0.447213531,-1.49011594e-08,0.447002798,0.894005537,-0.0306933746,0.0137264943,0.0274530184,0.999528646],"scale":[3,3,3]}
{"name":"BeamNGTrigger_203","class":"BeamNGTrigger","__parent":"SimGroup_1","position":[-78.3110352,-213.65303,37.9602051],"debug":true,"rotationMatrix":[0.650375068,0.759613037,0,-0.759537876,0.650310814,-0.0140601648,-0.0106803225,0.00914436113,0.999901056],"scale":[3,3,3]}
{"name":"BeamNGTrigger_204","class":"BeamNGTrigger","__parent":"SimGroup_1","position":[-6.89755249,-210.070816,36.1824112],"debug":true,"rotationMatrix":[-0.71104598,-0.703145385,0,0.690386951,-0.698144138,-0.189632341,0.133339167,-0.134837419,0.981855035],"scale":[3,3,3]}
{"name":"BeamNGTrigger_205","class":"BeamNGTrigger","__parent":"SimGroup_1","position":[17.0400085,-172.694427,36.9476852],"debug":true,"rotationMatrix":[0.413802922,-0.910366297,0,0.910211563,0.413732529,-0.0184342507,0.0167818535,0.00762823736,0.999829829],"scale":[3,3,3]}
{"name":"BeamNGTrigger_206","class":"BeamNGTrigger","__parent":"SimGroup_1","position":[57.6836548,-174.763351,35.9680176],"debug":true,"rotationMatrix":[-1,0,0,0,-0.999999821,-1.00413963e-05,0,-1.02202102e-05,0.999999821],"scale":[3,3,3]}
{"name":"BeamNGTrigger_207","class":"BeamNGTrigger","__parent":"SimGroup_1","position":[85.5597839,-174.005981,36.1272202],"debug":true,"rotationMatrix":[-0.734803438,0.678279996,2.98023188e-08,-0.678032994,-0.734535754,-0.0269857273,-0.018303927,-0.0198293328,0.999635696],"scale":[3,3,3]}
{"name":"BeamNGTrigger_208","class":"BeamNGTrigger","__parent":"SimGroup_1","position":[80.3766327,-164.400513,36.1891174],"debug":true,"rotationMatrix":[-0.594390988,0.804176033,2.98023188e-08,-0.803411305,-0.593825758,-0.0435997434,-0.0350618996,-0.0259153116,0.999048948],"scale":[3,3,3]}
{"name":"BeamNGTrigger_209","class":"BeamNGTrigger","__parent":"SimGroup_1","position":[80.8870544,-129.975403,36.1142616],"debug":true,"rotationMatrix":[-0.970142365,-0.242535606,7.45057971e-09,0.242458835,-0.969835222,-0.0251575336,0.0061015985,-0.024406394,0.999683321],"scale":[3,3,3]}
{"name":"BeamNGTrigger_21","class":"BeamNGTrigger","__parent":"SimGroup_1","position":[-139.597107,-69.0307388,40.059742],"debug":true,"rotationMatrix":[-0.999999881,-2.43325758e-07,0,2.43325758e-07,-0.999999821,-9.92218702e-06,2.42290628e-12,-9.98179166e-06,0.999999821],"scale":[3,3,3]}
{"name":"BeamNGTrigger_210","class":"BeamNGTrigger","__parent":"SimGroup_1","position":[94.7463684,-105.438644,37.0820274],"debug":true,"rotationMatrix":[-0.993731141,-0.111794755,0,0.1109607,-0.986317337,-0.121923991,0.0136304563,-0.121159621,0.992539227],"scale":[3,3,3]}
{"name":"BeamNGTrigger_211","class":"BeamNGTrigger","__parent":"SimGroup_1","position":[-42.0238953,-235.948212,38.0201035],"debug":true,"rotationMatrix":[-0.116841301,-0.993150532,2.98023188e-08,0.991798222,-0.116682149,-0.0521665961,0.0518093258,-0.00609517982,0.998638213],"scale":[3,3,3]}
{"name":"BeamNGTrigger_212","class":"BeamNGTrigger","__parent":"SimGroup_1","position":[59.8236237,-191.715683,35.9104385],"debug":true,"rotationMatrix":[-1,0,0,0,-0.999999821,-1.00413963e-05,0,-1.02202102e-05,0.999999821],"scale":[3,3,3]}
{"name":"BeamNGTrigger_213","class":"BeamNGTrigger","__parent":"SimGroup_1","position":[77.8117981,-185.947083,35.9954834],"debug":true,"rotationMatrix":[-1,0,0,0,-0.999999821,-1.00413963e-05,0,-1.02202102e-05,0.999999821],"scale":[3,3,3]}
{"name":"BeamNGTrigger_22","class":"BeamNGTrigger","__parent":"SimGroup_1","position":[-112.04393,-70.4204865,40.059742],"debug":true,"rotationMatrix":[-0.999999881,-2.45404777e-07,-1.4210853e-14,2.45404806e-07,-0.999999821,-9.92218702e-06,2.43729884e-12,-9.98179166e-06,0.999999821],"scale":[3,3,3]}
{"name":"BeamNGTrigger_23","class":"BeamNGTrigger","__parent":"SimGroup_1","position":[-111.775902,-96.8175125,40.059742],"debug":true,"rotationMatrix":[-0.999999881,2.31023748e-07,-7.10542651e-15,-2.31023748e-07,-0.999999762,-1.02202102e-05,-2.36498733e-12,-1.02202102e-05,0.999999762],"scale":[3,3,3]}
{"name":"BeamNGTrigger_24","class":"BeamNGTrigger","__parent":"SimGroup_1","position":[-139.08139,-96.7380295,40.059742],"debug":true,"rotationMatrix":[-0.999999881,2.39489282e-07,0,-2.39489282e-07,-0.999999762,-1.02202102e-05,-2.43678168e-12,-1.02202102e-05,0.999999762],"scale":[3,3,3]}
{"name":"BeamNGTrigger_25","class":"BeamNGTrigger","__parent":"SimGroup_1","position":[-206.311859,-206.63382,38.9999352],"debug":true,"rotationMatrix":[-1,0,0,0,-0.999999821,-1.00413963e-05,0,-1.02202102e-05,0.999999821],"scale":[3,3,3]}
{"name":"BeamNGTrigger_26","class":"BeamNGTrigger","__parent":"SimGroup_1","position":[-206.470734,-192.513031,38.999939],"debug":true,"rotationMatrix":[-1,0,0,0,-0.999999821,-1.00413963e-05,0,-1.02202102e-05,0.999999821],"scale":[3,3,3]}
{"name":"BeamNGTrigger_27","class":"BeamNGTrigger","__parent":"SimGroup_1","position":[-199.47197,-46.4798431,38.999939],"debug":true,"rotationMatrix":[-1,0,0,0,-0.999999821,-1.00413963e-05,0,-1.02202102e-05,0.999999821],"scale":[3,3,3]}
{"name":"BeamNGTrigger_28","class":"BeamNGTrigger","__parent":"SimGroup_1","position":[-107.301651,-166.411865,38.999939],"debug":true,"rotationMatrix":[-1,0,0,0,-0.999999821,-1.00413963e-05,0,-1.02202102e-05,0.999999821],"scale":[3,3,3]}
{"name":"BeamNGTrigger_29","class":"BeamNGTrigger","__parent":"SimGroup_1","position":[-102.359238,-243.381454,38.9941559],"debug":true,"rotationMatrix":[-0.964763761,0.263117343,-1.49011594e-08,-0.263077557,-0.96461767,-0.0173951034,-0.00457697315,-0.0167822447,0.999848545],"scale":[3,3,3]}
{"name":"BeamNGTrigger_3","class":"BeamNGTrigger","__parent":"SimGroup_1","position":[448.498108,-345.010406,35.6088562],"debug":true,"rotationMatrix":[0.999999881,2.02938645e-05,9.09494593e-13,-2.02938572e-05,0.999999583,-0.000680593541,-1.3812449e-08,0.000680593541,0.999999583],"scale":[3,3,3]}
{"name":"BeamNGTrigger_30","class":"BeamNGTrigger","__parent":"SimGroup_1","position":[38.0418091,-66.9098587,38.9984131],"debug":true,"rotationMatrix":[-1,0,0,0,-0.999999821,-1.00413963e-05,0,-1.02202102e-05,0.999999821],"scale":[3,3,3]}
{"name":"BeamNGTrigger_31","class":"BeamNGTrigger","__parent":"SimGroup_1","position":[28.4411774,-61.4374733,38.9984131],"debug":true,"rotationMatrix":[-1,0,0,0,-0.999999821,-1.00413963e-05,0,-1.02202102e-05,0.999999821],"scale":[3,3,3]}
{"name":"BeamNGTrigger_32","class":"BeamNGTrigger","__parent":"SimGroup_1","position":[21.1611633,-56.420063,38.9984131],"debug":true,"rotationMatrix":[-1,0,0,0,-0.999999821,-1.00413963e-05,0,-1.02202102e-05,0.999999821],"scale":[3,3,3]}
{"name":"BeamNGTrigger_33","class":"BeamNGTrigger","__parent":"SimGroup_1","position":[90.0565491,-29.4511471,36.8287163],"debug":true,"rotationMatrix":[-1,0,0,0,-0.999999821,-1.00413963e-05,0,-1.02202102e-05,0.999999821],"scale":[3,3,3]}
{"name":"BeamNGTrigger_34","class":"BeamNGTrigger","__parent":"SimGroup_1","position":[101.671021,-31.3965511,36.7636147],"debug":true,"rotationMatrix":[-1,0,0,0,-0.999999821,-1.00413963e-05,0,-1.02202102e-05,0.999999821],"scale":[3,3,3]}
{"name":"BeamNGTrigger_35","class":"BeamNGTrigger","__parent":"SimGroup_1","position":[-299.525543,-121.042145,40.7440186],"debug":true,"rotationMatrix":[-1,0,0,0,-0.999999821,-1.00413963e-05,0,-1.02202102e-05,0.999999821],"scale":[3,3,3]}
{"name":"BeamNGTrigger_36","class":"BeamNGTrigger","__parent":"SimGroup_1","position":[-299.895386,-126.966446,40.7440147],"debug":true,"rotationMatrix":[-1,0,0,0,-0.999999821,-1.00413963e-05,0,-1.02202102e-05,0.999999821],"scale":[3,3,3]}
{"name":"BeamNGTrigger_37","class":"BeamNGTrigger","__parent":"SimGroup_1","position":[-340.251923,-51.3004837,40.7450867],"debug":true,"rotationMatrix":[-0.999999881,-1.98696853e-05,0,1.98696616e-05,-0.999998629,-0.00153603917,3.05189154e-08,-0.00153597957,0.999998629],"scale":[3,3,3]}
{"name":"BeamNGTrigger_38","class":"BeamNGTrigger","__parent":"SimGroup_1","position":[-339.970978,-44.4790688,40.6300011],"debug":true,"rotationMatrix":[-1,0,0,0,-0.999999821,-1.00413963e-05,0,-1.02202102e-05,0.999999821],"scale":[3,3,3]}
{"name":"BeamNGTrigger_39","class":"BeamNGTrigger","__parent":"SimGroup_1","position":[-361.451904,-51.8943558,40.7471352],"debug":true,"rotationMatrix":[-0.999999762,-1.99343049e-05,0,1.99342103e-05,-0.999995112,-0.00306185801,6.10351876e-08,-0.0030617388,0.999995112],"scale":[3,3,3]}
{"name":"BeamNGTrigger_4","class":"BeamNGTrigger","__parent":"SimGroup_1","position":[441.389587,-349.511444,35.611969],"debug":true,"rotationMatrix":[0.999999881,2.02938645e-05,9.09494593e-13,-2.02938572e-05,0.999999583,-0.000680593541,-1.3812449e-08,0.000680593541,0.999999583],"scale":[3,3,3]}
{"name":"BeamNGTrigger_40","class":"BeamNGTrigger","__parent":"SimGroup_1","position":[-361.794464,-44.8379135,40.6300011],"debug":true,"rotationMatrix":[-1,0,0,0,-0.999999821,-1.00413963e-05,0,-1.02202102e-05,0.999999821],"scale":[3,3,3]}
{"name":"BeamNGTrigger_41","class":"BeamNGTrigger","__parent":"SimGroup_1","position":[-461.276245,-121.468048,40.7797623],"debug":true,"rotationMatrix":[-0.999999881,0.000290176657,-1.45519135e-11,-0.000290176657,-0.999999762,-1.00413963e-05,-2.92119862e-09,-9.98179166e-06,0.999999762],"scale":[3,3,3]}
