{"name":"BeamNGTrigger_1","class":"BeamNGTrigger","__parent":"SimGroup_","position":[-94.6696625,-69.789505,318.126343],"debug":true,"rotationMatrix":[-0.999999881,1.13369993e-06,-5.68434121e-14,-1.13369993e-06,-0.999999762,-9.56455915e-06,-1.08425153e-11,-9.50495451e-06,0.999999762]}
{"name":"BeamNGTrigger_10","class":"BeamNGTrigger","__parent":"SimGroup_","position":[147.216141,42.0142517,325.149689],"debug":true,"rotationMatrix":[0.999853015,-0.0171366241,0,0.0171234086,0.99908191,-0.039264936,0.000672868919,0.0392591543,0.999228656]}
{"name":"BeamNGTrigger_11","class":"BeamNGTrigger","__parent":"SimGroup_","position":[153.576904,44.5948486,325.044037],"debug":true,"rotationMatrix":[0.999853015,-0.0171366241,0,0.0171234086,0.99908191,-0.039264936,0.000672868919,0.0392591543,0.999228656]}
{"name":"BeamNGTrigger_12","class":"BeamNGTrigger","__parent":"SimGroup_","position":[159.966354,46.8680573,324.950836],"debug":true,"rotationMatrix":[0.998582482,0.0532238707,0,-0.0531639196,0.997457683,-0.0474482328,-0.00252538035,0.0473809987,0.998873532]}
{"name":"BeamNGTrigger_13","class":"BeamNGTrigger","__parent":"SimGroup_","position":[163.290024,48.1502533,324.898438],"debug":true,"rotationMatrix":[0.998582482,0.0532238707,0,-0.0531639196,0.997457683,-0.0474482328,-0.00252538035,0.0473809987,0.998873532]}
{"name":"BeamNGTrigger_14","class":"BeamNGTrigger","__parent":"SimGroup_","position":[166.348175,49.2618561,324.853424],"debug":true,"rotationMatrix":[0.998582482,0.0532238707,0,-0.0531639196,0.997457683,-0.0474482328,-0.00252538035,0.0473809987,0.998873532]}
{"name":"BeamNGTrigger_15","class":"BeamNGTrigger","__parent":"SimGroup_","position":[147.204514,42.0301666,327.060364],"debug":true,"rotationMatrix":[0.999853015,-0.0171366241,0,0.0171234086,0.99908191,-0.039264936,0.000672868919,0.0392591543,0.999228656]}
{"name":"BeamNGTrigger_16","class":"BeamNGTrigger","__parent":"SimGroup_","position":[166.366577,49.2769012,326.764038],"debug":true,"rotationMatrix":[0.998582482,0.0532238707,0,-0.0531639196,0.997457683,-0.0474482328,-0.00252538035,0.0473809987,0.998873532]}
{"name":"BeamNGTrigger_17","class":"BeamNGTrigger","__parent":"SimGroup_","position":[109.484421,-489.366028,346.756989],"debug":true,"rotationMatrix":[0.292369425,-0.956305265,0,-2.33589006e-07,-7.14147177e-08,-0.999999821,0.956305206,0.292369425,-2.44261912e-07]}
{"name":"BeamNGTrigger_18","class":"BeamNGTrigger","__parent":"SimGroup_","position":[112.635117,-476.533875,345.434448],"debug":true,"rotationMatrix":[-0.999999881,1.13369993e-06,-5.68434121e-14,-1.13369993e-06,-0.999999762,-9.56455915e-06,-1.08425153e-11,-9.50495451e-06,0.999999762]}
{"name":"BeamNGTrigger_19","class":"BeamNGTrigger","__parent":"SimGroup_","position":[188.279541,-157.83754,326.496948],"debug":true,"rotationMatrix":[-0.999999881,1.13369993e-06,-5.68434121e-14,-1.13369993e-06,-0.999999762,-9.56455915e-06,-1.08425153e-11,-9.50495451e-06,0.999999762]}
{"name":"BeamNGTrigger_2","class":"BeamNGTrigger","__parent":"SimGroup_","position":[-87.561264,-69.7843933,318.126343],"debug":true,"rotationMatrix":[-0.999999881,1.13369993e-06,-5.68434121e-14,-1.13369993e-06,-0.999999762,-9.56455915e-06,-1.08425153e-11,-9.50495451e-06,0.999999762]}
{"name":"BeamNGTrigger_20","class":"BeamNGTrigger","__parent":"SimGroup_","position":[201.954147,-157.615799,326.496948],"debug":true,"rotationMatrix":[-0.999999881,1.13369993e-06,-5.68434121e-14,-1.13369993e-06,-0.999999762,-9.56455915e-06,-1.08425153e-11,-9.50495451e-06,0.999999762]}
{"name":"BeamNGTrigger_21","class":"BeamNGTrigger","__parent":"SimGroup_","position":[94.1271744,-528.050598,345.434509],"debug":true,"rotationMatrix":[-0.999999881,1.13369993e-06,-5.68434121e-14,-1.13369993e-06,-0.999999762,-9.56455915e-06,-1.08425153e-11,-9.50495451e-06,0.999999762]}
{"name":"BeamNGTrigger_22","class":"BeamNGTrigger","__parent":"SimGroup_","position":[9.50767517,-556.626465,345.434509],"debug":true,"rotationMatrix":[-0.999999881,1.13369993e-06,-5.68434121e-14,-1.13369993e-06,-0.999999762,-9.56455915e-06,-1.08425153e-11,-9.50495451e-06,0.999999762]}
{"name":"BeamNGTrigger_23","class":"BeamNGTrigger","__parent":"SimGroup_","position":[-73.524826,-447.752014,329.279358],"debug":true,"rotationMatrix":[0.999999881,0,0,0,0.987288773,-0.158935547,0,0.158935547,0.987288773]}
{"name":"BeamNGTrigger_24","class":"BeamNGTrigger","__parent":"SimGroup_","position":[-87.2513428,-446.840088,329.132568],"debug":true,"rotationMatrix":[0.999999881,0,0,0,0.987288773,-0.158935547,0,0.158935547,0.987288773]}
{"name":"BeamNGTrigger_25","class":"BeamNGTrigger","__parent":"SimGroup_","position":[70.9625092,-518.543823,346.39978],"debug":true,"rotationMatrix":[0.292369425,-0.956305265,0,-2.33589006e-07,-7.14147177e-08,-0.999999821,0.956305206,0.292369425,-2.44261912e-07]}
{"name":"BeamNGTrigger_26","class":"BeamNGTrigger","__parent":"SimGroup_","position":[-115.502228,-283.505585,318.126434],"debug":true,"rotationMatrix":[-0.999999881,1.13369993e-06,-5.68434121e-14,-1.13369993e-06,-0.999999762,-9.56455915e-06,-1.08425153e-11,-9.50495451e-06,0.999999762]}
{"name":"BeamNGTrigger_27","class":"BeamNGTrigger","__parent":"SimGroup_","position":[-94.5558472,-223.386169,318.126404],"debug":true,"rotationMatrix":[-0.999999881,1.13369993e-06,-5.68434121e-14,-1.13369993e-06,-0.999999762,-9.56455915e-06,-1.08425153e-11,-9.50495451e-06,0.999999762]}
{"name":"BeamNGTrigger_3","class":"BeamNGTrigger","__parent":"SimGroup_","position":[-101.417221,-69.6948166,318.126343],"debug":true,"rotationMatrix":[-0.999999881,1.13369993e-06,-5.68434121e-14,-1.13369993e-06,-0.999999762,-9.56455915e-06,-1.08425153e-11,-9.50495451e-06,0.999999762]}
{"name":"BeamNGTrigger_4","class":"BeamNGTrigger","__parent":"SimGroup_","position":[-91.1569061,-69.830574,318.126343],"debug":true,"rotationMatrix":[-0.999999881,1.13369993e-06,-5.68434121e-14,-1.13369993e-06,-0.999999762,-9.56455915e-06,-1.08425153e-11,-9.50495451e-06,0.999999762]}
{"name":"BeamNGTrigger_5","class":"BeamNGTrigger","__parent":"SimGroup_","position":[-84.1814728,-69.7331924,318.126343],"debug":true,"rotationMatrix":[-0.999999881,1.13369993e-06,-5.68434121e-14,-1.13369993e-06,-0.999999762,-9.56455915e-06,-1.08425153e-11,-9.50495451e-06,0.999999762]}
{"name":"BeamNGTrigger_6","class":"BeamNGTrigger","__parent":"SimGroup_","position":[-98.2943726,-69.7285843,318.126343],"debug":true,"rotationMatrix":[-0.999999881,1.13369993e-06,-5.68434121e-14,-1.13369993e-06,-0.999999762,-9.56455915e-06,-1.08425153e-11,-9.50495451e-06,0.999999762]}
{"name":"BeamNGTrigger_7","class":"BeamNGTrigger","__parent":"SimGroup_","position":[-105.029373,-69.558197,318.126343],"debug":true,"rotationMatrix":[-0.999999881,1.13369993e-06,-5.68434121e-14,-1.13369993e-06,-0.999999762,-9.56455915e-06,-1.08425153e-11,-9.50495451e-06,0.999999762]}
{"name":"BeamNGTrigger_8","class":"BeamNGTrigger","__parent":"SimGroup_","position":[156.921494,45.692749,324.998749],"debug":true,"rotationMatrix":[0.999771416,0.0213740319,-9.31322464e-10,-0.0213539563,0.998832345,-0.0433303304,-0.000926142384,0.043320436,0.999060631]}
{"name":"BeamNGTrigger_9","class":"BeamNGTrigger","__parent":"SimGroup_","position":[150.501572,43.281189,325.097717],"debug":true,"rotationMatrix":[0.999853015,-0.0171366241,0,0.0171234086,0.99908191,-0.039264936,0.000672868919,0.0392591543,0.999228656]}
{"name":"SimGroup_","class":"SimGroup","groupPosition":"43.15547547517 -161.59285439385 327.14150322808"}
