{"name":"BeamNGTrigger_1","class":"BeamNGTrigger","__parent":"SimGroup_1","position":[512.089111,4074.31494,1486.03613],"debug":true,"rotationMatrix":[-0.0766965002,-0.997054338,0,0.923350453,-0.071026966,-0.37733084,0.376219392,-0.0289399624,0.92607826],"scale":[3,3,3]}
{"name":"BeamNGTrigger_10","class":"BeamNGTrigger","__parent":"SimGroup_1","position":[2343.53613,4078.06152,952.879761],"debug":true,"rotationMatrix":[-0.99503696,0.0995037109,0,-0.0949320644,-0.949320674,-0.29962948,-0.0298142489,-0.298142463,0.954055429],"scale":[3,3,3]}
{"name":"BeamNGTrigger_100","class":"BeamNGTrigger","__parent":"SimGroup_1","position":[3324.12988,3454.94434,819.1875],"debug":true,"rotationMatrix":[-1,0,0,0,-0.999999821,-1.00413963e-05,0,-1.02202102e-05,0.999999821],"scale":[3,3,3]}
{"name":"BeamNGTrigger_101","class":"BeamNGTrigger","__parent":"SimGroup_1","position":[3306.22461,3538.68311,819.187439],"debug":true,"rotationMatrix":[-1,0,0,0,-0.999999821,-1.00413963e-05,0,-1.02202102e-05,0.999999821],"scale":[3,3,3]}
{"name":"BeamNGTrigger_102","class":"BeamNGTrigger","__parent":"SimGroup_1","position":[3287.92676,3579.84546,819.187561],"debug":true,"rotationMatrix":[-1,0,0,0,-0.999999821,-1.00413963e-05,0,-1.02202102e-05,0.999999821],"scale":[3,3,3]}
{"name":"BeamNGTrigger_103","class":"BeamNGTrigger","__parent":"SimGroup_1","position":[386.500488,3952.10034,1418.46851],"debug":true,"rotationMatrix":[0.0766965002,-0.997054338,0,0.923350453,0.071026966,-0.37733084,0.376219392,0.0289399624,0.92607826],"scale":[3,3,3]}
{"name":"BeamNGTrigger_104","class":"BeamNGTrigger","__parent":"SimGroup_1","position":[386.956543,3945.78564,1418.40076],"debug":true,"rotationMatrix":[0,-0.999999881,0,0.926466286,0,-0.376377046,0.376377016,0,0.926466286],"scale":[3,3,3]}
{"name":"BeamNGTrigger_105","class":"BeamNGTrigger","__parent":"SimGroup_1","position":[925.258179,3958.32544,1254.08276],"debug":true,"rotationMatrix":[0,-0.999999881,0,0.926466286,0,-0.376377046,0.376377016,0,0.926466286],"scale":[3,3,3]}
{"name":"BeamNGTrigger_106","class":"BeamNGTrigger","__parent":"SimGroup_1","position":[938.429565,3957.92285,1248.82788],"debug":true,"rotationMatrix":[0,-0.999999881,0,0.936328948,0,-0.351123422,0.351123393,0,0.936328948],"scale":[3,3,3]}
{"name":"BeamNGTrigger_107","class":"BeamNGTrigger","__parent":"SimGroup_1","position":[954.291138,3958.16431,1242.51575],"debug":true,"rotationMatrix":[0,-0.999999881,0,0.936328948,0,-0.351123422,0.351123393,0,0.936328948],"scale":[3,3,3]}
{"name":"BeamNGTrigger_108","class":"BeamNGTrigger","__parent":"SimGroup_1","position":[406.485596,3795.06909,1303.18274],"debug":true,"rotationMatrix":[-0.44721359,-0.894427061,0,0.875398993,-0.437699497,-0.205171689,0.183511153,-0.0917556509,0.978725851],"scale":[3,3,3]}
{"name":"BeamNGTrigger_109","class":"BeamNGTrigger","__parent":"SimGroup_1","position":[689.567017,3830.64844,1207.72644],"debug":true,"rotationMatrix":[0.110431537,-0.99388361,-2.98023188e-08,0.956330359,0.106258966,-0.272288591,0.270623207,0.0300692357,0.962215483],"scale":[3,3,3]}
{"name":"BeamNGTrigger_11","class":"BeamNGTrigger","__parent":"SimGroup_1","position":[1652.0321,4060.41992,1038.64331],"debug":true,"rotationMatrix":[-0.00963115506,-0.999953508,0,0.989535332,-0.00953075103,-0.143974423,0.143967777,-0.00138664304,0.989581287],"scale":[3,3,3]}
{"name":"BeamNGTrigger_110","class":"BeamNGTrigger","__parent":"SimGroup_1","position":[701.414429,3831.30835,1204.28015],"debug":true,"rotationMatrix":[0,-0.999999881,0,0.954479814,0,-0.298275024,0.298275024,0,0.954479814],"scale":[3,3,3]}
{"name":"BeamNGTrigger_111","class":"BeamNGTrigger","__parent":"SimGroup_1","position":[712.799072,3831.9873,1200.96265],"debug":true,"rotationMatrix":[-0.274721086,-0.961523831,-2.98023188e-08,0.937566698,-0.267876178,-0.221835062,0.213299736,-0.0609428994,0.975084007],"scale":[3,3,3]}
{"name":"BeamNGTrigger_112","class":"BeamNGTrigger","__parent":"SimGroup_1","position":[692.963623,4066.76587,1413.0459],"debug":true,"rotationMatrix":[0,-0.999999881,0,0.926466286,0,-0.376377046,0.376377016,0,0.926466286],"scale":[3,3,3]}
{"name":"BeamNGTrigger_113","class":"BeamNGTrigger","__parent":"SimGroup_1","position":[698.997803,4067.10889,1410.5946],"debug":true,"rotationMatrix":[0,-0.999999881,0,0.926466286,0,-0.376377046,0.376377016,0,0.926466286],"scale":[3,3,3]}
{"name":"BeamNGTrigger_114","class":"BeamNGTrigger","__parent":"SimGroup_1","position":[687.156982,4066.55151,1415.37378],"debug":true,"rotationMatrix":[0,-0.999999881,0,0.926466286,0,-0.376377046,0.376377016,0,0.926466286],"scale":[3,3,3]}
{"name":"BeamNGTrigger_115","class":"BeamNGTrigger","__parent":"SimGroup_1","position":[1196.89709,4056.37183,1181.82629],"debug":true,"rotationMatrix":[0.0766965002,-0.997054338,0,0.923350453,0.071026966,-0.37733084,0.376219392,0.0289399624,0.92607826],"scale":[3,3,3]}
{"name":"BeamNGTrigger_116","class":"BeamNGTrigger","__parent":"SimGroup_1","position":[1205.08838,4056.2793,1178.2738],"debug":true,"rotationMatrix":[0,-0.999999881,0,0.916157126,0,-0.400818825,0.400818825,0,0.916157126],"scale":[3,3,3]}
{"name":"BeamNGTrigger_117","class":"BeamNGTrigger","__parent":"SimGroup_1","position":[1213.27478,4056.11938,1174.91199],"debug":true,"rotationMatrix":[0,-0.999999881,0,0.916157126,0,-0.400818825,0.400818825,0,0.916157126],"scale":[3,3,3]}
{"name":"BeamNGTrigger_118","class":"BeamNGTrigger","__parent":"SimGroup_1","position":[1068.87939,3851.15161,1096.19006],"debug":true,"rotationMatrix":[0.0995037407,-0.995037079,0,0.949320674,0.0949320868,-0.29962942,0.298142374,0.0298142452,0.954055488],"scale":[3,3,3]}
{"name":"BeamNGTrigger_119","class":"BeamNGTrigger","__parent":"SimGroup_1","position":[1082.80872,3840.0957,1092.24121],"debug":true,"rotationMatrix":[0,-0.999999881,0,0.962650836,0,-0.270745546,0.270745605,0,0.962650836],"scale":[3,3,3]}
{"name":"BeamNGTrigger_12","class":"BeamNGTrigger","__parent":"SimGroup_1","position":[1701.64868,4060.04028,1031.323],"debug":true,"rotationMatrix":[-0.242535681,0.970142424,0,-0.939450979,-0.23486276,-0.249541685,-0.242091045,-0.0605228059,0.968363941],"scale":[3,3,3]}
{"name":"BeamNGTrigger_120","class":"BeamNGTrigger","__parent":"SimGroup_1","position":[1117.83289,3853.21851,1081.88403],"debug":true,"rotationMatrix":[0,-0.999999881,0,0.954479814,0,-0.298275024,0.298275024,0,0.954479814],"scale":[3,3,3]}
{"name":"BeamNGTrigger_121","class":"BeamNGTrigger","__parent":"SimGroup_1","position":[1149.02075,3842.9895,1072.86914],"debug":true,"rotationMatrix":[0,-0.999999881,0,0.962650836,0,-0.270745546,0.270745605,0,0.962650836],"scale":[3,3,3]}
{"name":"BeamNGTrigger_122","class":"BeamNGTrigger","__parent":"SimGroup_1","position":[1195.97412,3856.3772,1058.63306],"debug":true,"rotationMatrix":[0,-0.999999881,0,0.954479814,0,-0.298275024,0.298275024,0,0.954479814],"scale":[3,3,3]}
{"name":"BeamNGTrigger_123","class":"BeamNGTrigger","__parent":"SimGroup_1","position":[1251.12341,3844.52393,1041.66003],"debug":true,"rotationMatrix":[0.0905356854,-0.995893121,0,0.941391706,0.0855810791,-0.326277882,0.324937969,0.0295397658,0.945273817],"scale":[3,3,3]}
{"name":"BeamNGTrigger_124","class":"BeamNGTrigger","__parent":"SimGroup_1","position":[1292.15698,3857.7832,1028.51331],"debug":true,"rotationMatrix":[0,-0.999999881,0,0.954479814,0,-0.298275024,0.298275024,0,0.954479814],"scale":[3,3,3]}
{"name":"BeamNGTrigger_125","class":"BeamNGTrigger","__parent":"SimGroup_1","position":[1447.07422,3858.02393,980.19928],"debug":true,"rotationMatrix":[0.00739920046,-0.999972582,0,0.955223322,0.00706809619,-0.295800894,0.295792848,0.00218868279,0.955249488],"scale":[3,3,3]}
{"name":"BeamNGTrigger_126","class":"BeamNGTrigger","__parent":"SimGroup_1","position":[1438.38074,3857.94189,982.891418],"debug":true,"rotationMatrix":[0.00739920046,-0.999972582,0,0.955223322,0.00706809619,-0.295800894,0.295792848,0.00218868279,0.955249488],"scale":[3,3,3]}
{"name":"BeamNGTrigger_127","class":"BeamNGTrigger","__parent":"SimGroup_1","position":[1456.37732,3858.67236,977.317139],"debug":true,"rotationMatrix":[0.00739920046,-0.999972582,0,0.955223322,0.00706809619,-0.295800894,0.295792848,0.00218868279,0.955249488],"scale":[3,3,3]}
{"name":"BeamNGTrigger_128","class":"BeamNGTrigger","__parent":"SimGroup_1","position":[2002.13867,3877.73926,849.768311],"debug":true,"rotationMatrix":[0,-0.999999881,0,0.995634079,0,-0.0933407694,0.0933407992,0,0.995634079],"scale":[3,3,3]}
{"name":"BeamNGTrigger_129","class":"BeamNGTrigger","__parent":"SimGroup_1","position":[2002.36792,3870.36206,849.704163],"debug":true,"rotationMatrix":[0.316227734,-0.948683143,0,0.944084525,0.314694881,-0.0983422473,0.0932956412,0.0310986266,0.995152473],"scale":[3,3,3]}
{"name":"BeamNGTrigger_13","class":"BeamNGTrigger","__parent":"SimGroup_1","position":[2006.44727,4048.84814,983.162842],"debug":true,"rotationMatrix":[0,-0.999999881,0,0.992277741,0,-0.124034829,0.124034889,0,0.992277741],"scale":[3,3,3]}
{"name":"BeamNGTrigger_130","class":"BeamNGTrigger","__parent":"SimGroup_1","position":[2002.30933,3863.02051,849.783447],"debug":true,"rotationMatrix":[0,-0.999999881,0,0.995634079,0,-0.0933407694,0.0933407992,0,0.995634079],"scale":[3,3,3]}
{"name":"BeamNGTrigger_131","class":"BeamNGTrigger","__parent":"SimGroup_1","position":[2255.39478,3872.7666,838.991028],"debug":true,"rotationMatrix":[-0.0519238636,-0.998650908,5.96046377e-08,0.998474717,-0.0519146509,-0.0187820438,0.0187567119,-0.000975136354,0.999823391],"scale":[3,3,3]}
{"name":"BeamNGTrigger_132","class":"BeamNGTrigger","__parent":"SimGroup_1","position":[2112.04102,3872.05298,843.388611],"debug":true,"rotationMatrix":[-0.076532945,-0.997066915,2.98023188e-08,0.996890247,-0.0765193552,-0.0188188199,0.0187635664,-0.00144017383,0.999822676],"scale":[3,3,3]}
{"name":"BeamNGTrigger_133","class":"BeamNGTrigger","__parent":"SimGroup_1","position":[2121.60522,3872.77393,843.035828],"debug":true,"rotationMatrix":[-0.0487263128,-0.998812079,2.98023188e-08,0.998635828,-0.0487178452,-0.0187792424,0.0187568609,-0.000915054581,0.999823511],"scale":[3,3,3]}
{"name":"BeamNGTrigger_134","class":"BeamNGTrigger","__parent":"SimGroup_1","position":[2132.84937,3872.51367,842.624207],"debug":true,"rotationMatrix":[-0.0759301037,-0.997112989,0,0.996936381,-0.0759166628,-0.0188175682,0.0187632386,-0.00142884895,0.999822795],"scale":[3,3,3]}
{"name":"BeamNGTrigger_135","class":"BeamNGTrigger","__parent":"SimGroup_1","position":[2142.36499,3872.66333,842.309509],"debug":true,"rotationMatrix":[-0.0634262413,-0.997986436,0,0.997810006,-0.0634150654,-0.0187961701,0.0187582914,-0.00119209825,0.999823153],"scale":[3,3,3]}
{"name":"BeamNGTrigger_136","class":"BeamNGTrigger","__parent":"SimGroup_1","position":[2153.35962,3872.8667,841.947083],"debug":true,"rotationMatrix":[-0.0200030766,-0.999799848,0,0.998496473,-0.0199770592,-0.0510434061,0.0510332137,-0.00102102908,0.998696268],"scale":[3,3,3]}
{"name":"BeamNGTrigger_137","class":"BeamNGTrigger","__parent":"SimGroup_1","position":[2162.54834,3872.8396,841.656128],"debug":true,"rotationMatrix":[-0.0189663135,-0.999819994,0,0.998516679,-0.0189415775,-0.0510423928,0.0510332137,-0.000968100096,0.998696327],"scale":[3,3,3]}
{"name":"BeamNGTrigger_138","class":"BeamNGTrigger","__parent":"SimGroup_1","position":[2173.4707,3872.97217,841.348694],"debug":true,"rotationMatrix":[-0.0749249309,-0.997189164,0,0.997012496,-0.0749116689,-0.018815482,0.0187627021,-0.00140977534,0.999822795],"scale":[3,3,3]}
{"name":"BeamNGTrigger_139","class":"BeamNGTrigger","__parent":"SimGroup_1","position":[2183.75049,3872.95679,841.054993],"debug":true,"rotationMatrix":[-0.00931358151,-0.999956489,2.98023188e-08,0.998224318,-0.00929739885,-0.0588351041,0.0588325709,-0.000548005803,0.998267591],"scale":[3,3,3]}
{"name":"BeamNGTrigger_14","class":"BeamNGTrigger","__parent":"SimGroup_1","position":[2302.27417,4073.40405,950.849182],"debug":true,"rotationMatrix":[0,-0.999999881,0,0.995634079,0,-0.0933407694,0.0933407992,0,0.995634079],"scale":[3,3,3]}
{"name":"BeamNGTrigger_140","class":"BeamNGTrigger","__parent":"SimGroup_1","position":[2194.17017,3873.48145,840.765076],"debug":true,"rotationMatrix":[-0.065280661,-0.997866869,5.96046377e-08,0.997690439,-0.0652690977,-0.0187988523,0.0187587682,-0.0012271459,0.999823153],"scale":[3,3,3]}
{"name":"BeamNGTrigger_141","class":"BeamNGTrigger","__parent":"SimGroup_1","position":[2203.13916,3874.27954,840.505737],"debug":true,"rotationMatrix":[-0.0436096117,0.999048531,0,-0.998934507,-0.0436046943,-0.0151049746,-0.0150906099,-0.000658754201,0.999885738],"scale":[3,3,3]}
{"name":"BeamNGTrigger_142","class":"BeamNGTrigger","__parent":"SimGroup_1","position":[2214.71948,3873.49316,840.146362],"debug":true,"rotationMatrix":[-0.06740354,-0.997725725,0,0.997549295,-0.0673915595,-0.0188021306,0.0187594537,-0.00126743887,0.999823093],"scale":[3,3,3]}
{"name":"BeamNGTrigger_143","class":"BeamNGTrigger","__parent":"SimGroup_1","position":[2224.51611,3871.41602,839.912415],"debug":true,"rotationMatrix":[-0.0683301538,-0.997662663,-5.96046377e-08,0.997486234,-0.0683180839,-0.0188036803,0.0187597815,-0.00128496264,0.999823034],"scale":[3,3,3]}
{"name":"BeamNGTrigger_144","class":"BeamNGTrigger","__parent":"SimGroup_1","position":[2235.73926,3874.22754,839.542847],"debug":true,"rotationMatrix":[-0.0113002043,-0.999936044,2.98023188e-08,0.998203576,-0.0112806242,-0.0588380843,0.0588343292,-0.000664831081,0.998267353],"scale":[3,3,3]}
{"name":"BeamNGTrigger_145","class":"BeamNGTrigger","__parent":"SimGroup_1","position":[2244.92847,3873.16675,839.28064],"debug":true,"rotationMatrix":[-0.0112094861,-0.999937057,2.98023188e-08,0.998204648,-0.0111899357,-0.0588379651,0.0588342696,-0.000659585872,0.998267353],"scale":[3,3,3]}
{"name":"BeamNGTrigger_146","class":"BeamNGTrigger","__parent":"SimGroup_1","position":[2265.22241,3873.04565,838.698181],"debug":true,"rotationMatrix":[-0.0590065643,-0.998257458,0,0.998081148,-0.0589961894,-0.0187900905,0.0187573675,-0.00110877049,0.999823272],"scale":[3,3,3]}
{"name":"BeamNGTrigger_147","class":"BeamNGTrigger","__parent":"SimGroup_1","position":[2276.91211,3873.15063,838.311523],"debug":true,"rotationMatrix":[-0.00686597731,-0.999976277,-2.98023188e-08,0.998244226,-0.00685411552,-0.0588309914,0.0588295907,-0.000403881597,0.99826777],"scale":[3,3,3]}
{"name":"BeamNGTrigger_148","class":"BeamNGTrigger","__parent":"SimGroup_1","position":[2287.38525,3873.32349,837.967407],"debug":true,"rotationMatrix":[-0.0627324432,-0.998030305,-2.98023188e-08,0.997853935,-0.0627213269,-0.0187951569,0.0187581424,-0.00117910432,0.999823153],"scale":[3,3,3]}
{"name":"BeamNGTrigger_149","class":"BeamNGTrigger","__parent":"SimGroup_1","position":[2299.87817,3873.76538,837.555359],"debug":true,"rotationMatrix":[-0.0616476461,-0.998097837,2.98023188e-08,0.997921526,-0.0616367646,-0.0187936071,0.0187578443,-0.001158481,0.999823153],"scale":[3,3,3]}
{"name":"BeamNGTrigger_15","class":"BeamNGTrigger","__parent":"SimGroup_1","position":[2486.66211,4072.60889,932.469238],"debug":true,"rotationMatrix":[0,-0.999999881,0,0.995634079,0,-0.0933407694,0.0933407992,0,0.995634079],"scale":[3,3,3]}
{"name":"BeamNGTrigger_150","class":"BeamNGTrigger","__parent":"SimGroup_1","position":[2316.22485,3873.82544,836.954529],"debug":true,"rotationMatrix":[-0.0194268189,-0.999811172,-2.98023188e-08,0.998507798,-0.0194015168,-0.0510428697,0.0510332435,-0.000991584384,0.998696268],"scale":[3,3,3]}
{"name":"BeamNGTrigger_151","class":"BeamNGTrigger","__parent":"SimGroup_1","position":[2339.90283,3873.96924,836.001221],"debug":true,"rotationMatrix":[-0.0779901594,-0.996954024,0,0.996777415,-0.0779763013,-0.0188216809,0.0187644009,-0.00146794971,0.999822676],"scale":[3,3,3]}
{"name":"BeamNGTrigger_152","class":"BeamNGTrigger","__parent":"SimGroup_1","position":[2358.34424,3874.14233,835.310486],"debug":true,"rotationMatrix":[-0.0205914937,-0.999787807,0,0.998484492,-0.0205645524,-0.051043883,0.0510330647,-0.00105106982,0.998696268],"scale":[3,3,3]}
{"name":"BeamNGTrigger_153","class":"BeamNGTrigger","__parent":"SimGroup_1","position":[2378.33423,3874.72925,834.614441],"debug":true,"rotationMatrix":[-0.0497231409,-0.998762965,-2.98023188e-08,0.998586714,-0.0497143157,-0.0187799577,0.0187568311,-0.000933889765,0.999823511],"scale":[3,3,3]}
{"name":"BeamNGTrigger_154","class":"BeamNGTrigger","__parent":"SimGroup_1","position":[2401.18188,3874.92383,833.886169],"debug":true,"rotationMatrix":[-0.0582978651,-0.998299122,-2.98023188e-08,0.998122871,-0.0582875498,-0.018789256,0.0187572781,-0.00109541905,0.999823332],"scale":[3,3,3]}
{"name":"BeamNGTrigger_155","class":"BeamNGTrigger","__parent":"SimGroup_1","position":[2460.46484,3875.22485,832.307739],"debug":true,"rotationMatrix":[-0.0136494618,-0.999906659,-2.98023188e-08,0.998174131,-0.0136258276,-0.0588411838,0.0588356704,-0.000803233183,0.998267114],"scale":[3,3,3]}
{"name":"BeamNGTrigger_156","class":"BeamNGTrigger","__parent":"SimGroup_1","position":[2881.63696,3883.74829,826.843689],"debug":true,"rotationMatrix":[-1,0,0,0,-0.999999821,-1.00413963e-05,0,-1.02202102e-05,0.999999821],"scale":[3,3,3]}
{"name":"BeamNGTrigger_157","class":"BeamNGTrigger","__parent":"SimGroup_1","position":[2905.67578,3885.24731,826.65625],"debug":true,"rotationMatrix":[-1,0,0,0,-0.999999821,-1.00413963e-05,0,-1.02202102e-05,0.999999821],"scale":[3,3,3]}
{"name":"BeamNGTrigger_158","class":"BeamNGTrigger","__parent":"SimGroup_1","position":[2919.65039,3874.30542,826.542175],"debug":true,"rotationMatrix":[0,-0.999999881,0,0.999511898,0,-0.0312348828,0.0312349126,0,0.999511898],"scale":[3,3,3]}
{"name":"BeamNGTrigger_159","class":"BeamNGTrigger","__parent":"SimGroup_1","position":[2948.25244,3874.5376,826.3125],"debug":true,"rotationMatrix":[-1,0,0,0,-0.999999821,-1.00413963e-05,0,-1.02202102e-05,0.999999821],"scale":[3,3,3]}
{"name":"BeamNGTrigger_16","class":"BeamNGTrigger","__parent":"SimGroup_1","position":[2726.24634,4055.81348,908.00824],"debug":true,"rotationMatrix":[0,-0.999999881,0,0.995634079,0,-0.0933407694,0.0933407992,0,0.995634079],"scale":[3,3,3]}
{"name":"BeamNGTrigger_160","class":"BeamNGTrigger","__parent":"SimGroup_1","position":[3228.50415,3811.47021,819.1875],"debug":true,"rotationMatrix":[-1,0,0,0,-0.999999821,-1.00413963e-05,0,-1.02202102e-05,0.999999821],"scale":[3,3,3]}
{"name":"BeamNGTrigger_161","class":"BeamNGTrigger","__parent":"SimGroup_1","position":[3272.29736,3810.59399,819.1875],"debug":true,"rotationMatrix":[-1,0,0,0,-0.999999821,-1.00413963e-05,0,-1.02202102e-05,0.999999821],"scale":[3,3,3]}
{"name":"BeamNGTrigger_162","class":"BeamNGTrigger","__parent":"SimGroup_1","position":[3300.63623,3814.57837,819.1875],"debug":true,"rotationMatrix":[-1,0,0,0,-0.999999821,-1.00413963e-05,0,-1.02202102e-05,0.999999821],"scale":[3,3,3]}
{"name":"BeamNGTrigger_163","class":"BeamNGTrigger","__parent":"SimGroup_1","position":[3283.21191,3769.95312,819.1875],"debug":true,"rotationMatrix":[-1,0,0,0,-0.999999821,-1.00413963e-05,0,-1.02202102e-05,0.999999821],"scale":[3,3,3]}
{"name":"BeamNGTrigger_164","class":"BeamNGTrigger","__parent":"SimGroup_1","position":[3281.69116,3745.57568,819.1875],"debug":true,"rotationMatrix":[-1,0,0,0,-0.999999821,-1.00413963e-05,0,-1.02202102e-05,0.999999821],"scale":[3,3,3]}
{"name":"BeamNGTrigger_165","class":"BeamNGTrigger","__parent":"SimGroup_1","position":[3245.67188,3760.70947,819.1875],"debug":true,"rotationMatrix":[-1,0,0,0,-0.999999821,-1.00413963e-05,0,-1.02202102e-05,0.999999821],"scale":[3,3,3]}
{"name":"BeamNGTrigger_166","class":"BeamNGTrigger","__parent":"SimGroup_1","position":[3256.08545,3798.47339,819.1875],"debug":true,"rotationMatrix":[-1,0,0,0,-0.999999821,-1.00413963e-05,0,-1.02202102e-05,0.999999821],"scale":[3,3,3]}
{"name":"BeamNGTrigger_167","class":"BeamNGTrigger","__parent":"SimGroup_1","position":[3297.01709,3781.69214,819.1875],"debug":true,"rotationMatrix":[-1,0,0,0,-0.999999821,-1.00413963e-05,0,-1.02202102e-05,0.999999821],"scale":[3,3,3]}
{"name":"BeamNGTrigger_168","class":"BeamNGTrigger","__parent":"SimGroup_1","position":[3299.31201,3754.38159,819.187439],"debug":true,"rotationMatrix":[-1,0,0,0,-0.999999821,-1.00413963e-05,0,-1.02202102e-05,0.999999821],"scale":[3,3,3]}
{"name":"BeamNGTrigger_169","class":"BeamNGTrigger","__parent":"SimGroup_1","position":[3255.33081,3768.00195,819.1875],"debug":true,"rotationMatrix":[-1,0,0,0,-0.999999821,-1.00413963e-05,0,-1.02202102e-05,0.999999821],"scale":[3,3,3]}
{"name":"BeamNGTrigger_17","class":"BeamNGTrigger","__parent":"SimGroup_1","position":[3153.23267,4061.42212,861.79071],"debug":true,"rotationMatrix":[0,-0.999999881,0,0.995634079,0,-0.0933407694,0.0933407992,0,0.995634079],"scale":[3,3,3]}
{"name":"BeamNGTrigger_170","class":"BeamNGTrigger","__parent":"SimGroup_1","position":[3262.29321,3789.71191,819.1875],"debug":true,"rotationMatrix":[-1,0,0,0,-0.999999821,-1.00413963e-05,0,-1.02202102e-05,0.999999821],"scale":[3,3,3]}
{"name":"BeamNGTrigger_171","class":"BeamNGTrigger","__parent":"SimGroup_1","position":[3249.58569,3843.91016,819.1875],"debug":true,"rotationMatrix":[-1,0,0,0,-0.999999821,-1.00413963e-05,0,-1.02202102e-05,0.999999821],"scale":[3,3,3]}
{"name":"BeamNGTrigger_172","class":"BeamNGTrigger","__parent":"SimGroup_1","position":[3224.8667,3847.0354,819.1875],"debug":true,"rotationMatrix":[-1,0,0,0,-0.999999821,-1.00413963e-05,0,-1.02202102e-05,0.999999821],"scale":[3,3,3]}
{"name":"BeamNGTrigger_173","class":"BeamNGTrigger","__parent":"SimGroup_1","position":[3186.49365,3788.46851,819.1875],"debug":true,"rotationMatrix":[-1,0,0,0,-0.999999821,-1.00413963e-05,0,-1.02202102e-05,0.999999821],"scale":[3,3,3]}
{"name":"BeamNGTrigger_174","class":"BeamNGTrigger","__parent":"SimGroup_1","position":[3186.74023,3760.77148,819.1875],"debug":true,"rotationMatrix":[-1,0,0,0,-0.999999821,-1.00413963e-05,0,-1.02202102e-05,0.999999821],"scale":[3,3,3]}
{"name":"BeamNGTrigger_175","class":"BeamNGTrigger","__parent":"SimGroup_1","position":[3216.49951,3738.95679,819.187561],"debug":true,"rotationMatrix":[-1,0,0,0,-0.999999821,-1.00413963e-05,0,-1.02202102e-05,0.999999821],"scale":[3,3,3]}
{"name":"BeamNGTrigger_176","class":"BeamNGTrigger","__parent":"SimGroup_1","position":[3259.07764,3733.3501,819.1875],"debug":true,"rotationMatrix":[-1,0,0,0,-0.999999821,-1.00413963e-05,0,-1.02202102e-05,0.999999821],"scale":[3,3,3]}
{"name":"BeamNGTrigger_177","class":"BeamNGTrigger","__parent":"SimGroup_1","position":[3269.83838,3746.77002,819.1875],"debug":true,"rotationMatrix":[-1,0,0,0,-0.999999821,-1.00413963e-05,0,-1.02202102e-05,0.999999821],"scale":[3,3,3]}
{"name":"BeamNGTrigger_178","class":"BeamNGTrigger","__parent":"SimGroup_1","position":[3228.96997,3753.84546,819.187561],"debug":true,"rotationMatrix":[-1,0,0,0,-0.999999821,-1.00413963e-05,0,-1.02202102e-05,0.999999821],"scale":[3,3,3]}
{"name":"BeamNGTrigger_179","class":"BeamNGTrigger","__parent":"SimGroup_1","position":[3240.0144,3795.70508,819.1875],"debug":true,"rotationMatrix":[-1,0,0,0,-0.999999821,-1.00413963e-05,0,-1.02202102e-05,0.999999821],"scale":[3,3,3]}
{"name":"BeamNGTrigger_18","class":"BeamNGTrigger","__parent":"SimGroup_1","position":[3598.7522,4055.70947,825.890442],"debug":true,"rotationMatrix":[0,-0.999999881,0,0.998052418,0,-0.0623783618,0.0623783618,0,0.998052418],"scale":[3,3,3]}
{"name":"BeamNGTrigger_180","class":"BeamNGTrigger","__parent":"SimGroup_1","position":[3225.32983,3780.9082,819.1875],"debug":true,"rotationMatrix":[-1,0,0,0,-0.999999821,-1.00413963e-05,0,-1.02202102e-05,0.999999821],"scale":[3,3,3]}
{"name":"BeamNGTrigger_181","class":"BeamNGTrigger","__parent":"SimGroup_1","position":[3218.52759,3780.70801,819.187561],"debug":true,"rotationMatrix":[-1,0,0,0,-0.999999821,-1.00413963e-05,0,-1.02202102e-05,0.999999821],"scale":[3,3,3]}
{"name":"BeamNGTrigger_182","class":"BeamNGTrigger","__parent":"SimGroup_1","position":[3241.89355,3832.96338,819.1875],"debug":true,"rotationMatrix":[-1,0,0,0,-0.999999821,-1.00413963e-05,0,-1.02202102e-05,0.999999821],"scale":[3,3,3]}
{"name":"BeamNGTrigger_183","class":"BeamNGTrigger","__parent":"SimGroup_1","position":[3281.40552,3796.6167,819.1875],"debug":true,"rotationMatrix":[-1,0,0,0,-0.999999821,-1.00413963e-05,0,-1.02202102e-05,0.999999821],"scale":[3,3,3]}
{"name":"BeamNGTrigger_184","class":"BeamNGTrigger","__parent":"SimGroup_1","position":[3318.69116,4071.15503,845.497742],"debug":true,"rotationMatrix":[0,-0.999999881,0,0.995634079,0,-0.0933407694,0.0933407992,0,0.995634079],"scale":[3,3,3]}
{"name":"BeamNGTrigger_185","class":"BeamNGTrigger","__parent":"SimGroup_1","position":[3329.09424,4071.62061,844.522461],"debug":true,"rotationMatrix":[0,-0.999999881,0,0.995634079,0,-0.0933407694,0.0933407992,0,0.995634079],"scale":[3,3,3]}
{"name":"BeamNGTrigger_186","class":"BeamNGTrigger","__parent":"SimGroup_1","position":[3340.09326,4072.60156,843.491211],"debug":true,"rotationMatrix":[0,-0.999999881,0,0.995634079,0,-0.0933407694,0.0933407992,0,0.995634079],"scale":[3,3,3]}
{"name":"BeamNGTrigger_187","class":"BeamNGTrigger","__parent":"SimGroup_1","position":[3562.58105,3775.09766,824.402283],"debug":true,"rotationMatrix":[0.989949346,-0.141421318,0,0.129352301,0.90546608,-0.404226005,0.0571661964,0.400163352,0.914658904],"scale":[3,3,3]}
{"name":"BeamNGTrigger_188","class":"BeamNGTrigger","__parent":"SimGroup_1","position":[3550.51636,3775.23926,824.648071],"debug":true,"rotationMatrix":[0.983869791,-0.1788854,0,0.1688748,0.928811431,-0.329833657,0.0590024367,0.324513465,0.944038868],"scale":[3,3,3]}
{"name":"BeamNGTrigger_189","class":"BeamNGTrigger","__parent":"SimGroup_1","position":[3563.38281,3735.55737,823.569702],"debug":true,"rotationMatrix":[-0.707106709,-0.707106709,-2.98023188e-08,0.706417203,-0.706417143,-0.044151146,0.0312195979,-0.0312196575,0.999024749],"scale":[3,3,3]}
{"name":"BeamNGTrigger_19","class":"BeamNGTrigger","__parent":"SimGroup_1","position":[3598.68921,4062.3374,825.928101],"debug":true,"rotationMatrix":[0,-0.999999881,0,0.999511898,0,-0.0312348828,0.0312349126,0,0.999511898],"scale":[3,3,3]}
{"name":"BeamNGTrigger_190","class":"BeamNGTrigger","__parent":"SimGroup_1","position":[3550.59351,3734.86011,823.353516],"debug":true,"rotationMatrix":[-0.999999881,0,0,0,-0.992277741,-0.12403471,0,-0.124034829,0.992277741],"scale":[3,3,3]}
{"name":"BeamNGTrigger_191","class":"BeamNGTrigger","__parent":"SimGroup_1","position":[3550.22681,3625.37988,824.421082],"debug":true,"rotationMatrix":[-0.707106471,0.70710659,0,-0.704360545,-0.704360604,-0.0880451947,-0.0622573122,-0.0622572228,0.996116221],"scale":[3,3,3]}
{"name":"BeamNGTrigger_192","class":"BeamNGTrigger","__parent":"SimGroup_1","position":[3563.24731,3625.10547,824.311584],"debug":true,"rotationMatrix":[0.980580568,-0.196116105,0,0.193672761,0.968363822,-0.157359183,0.0308606736,0.154303372,0.987541258],"scale":[3,3,3]}
{"name":"BeamNGTrigger_193","class":"BeamNGTrigger","__parent":"SimGroup_1","position":[3556.24365,3625.19702,824.285461],"debug":true,"rotationMatrix":[0.413802862,0.910366416,0,-0.851673663,0.387124389,-0.353251129,-0.32158795,0.146176338,0.935528338],"scale":[3,3,3]}
{"name":"BeamNGTrigger_194","class":"BeamNGTrigger","__parent":"SimGroup_1","position":[3562.76587,3465.64404,823.628906],"debug":true,"rotationMatrix":[0.999999881,-1.04308164e-07,0,-9.11890938e-15,-8.74227695e-08,-0.999999821,1.04308157e-07,0.999999821,-8.74227624e-08],"scale":[3,3,3]}
{"name":"BeamNGTrigger_195","class":"BeamNGTrigger","__parent":"SimGroup_1","position":[3550.23193,3465.06445,823.889038],"debug":true,"rotationMatrix":[0.999999881,-3.7351316e-07,0,-3.26535606e-14,-8.74227695e-08,-0.999999821,3.73513132e-07,0.999999821,-8.74227624e-08],"scale":[3,3,3]}
{"name":"BeamNGTrigger_196","class":"BeamNGTrigger","__parent":"SimGroup_1","position":[3556.84668,3465.30005,823.865723],"debug":true,"rotationMatrix":[0.999999881,0,0,0,0.94568646,-0.325079769,0,0.325079769,0.94568646],"scale":[3,3,3]}
{"name":"BeamNGTrigger_197","class":"BeamNGTrigger","__parent":"SimGroup_1","position":[3563.10547,3392.84326,832.012878],"debug":true,"rotationMatrix":[-1,0,0,0,-0.999999821,-1.00413963e-05,0,-1.02202102e-05,0.999999821],"scale":[3,3,3]}
{"name":"BeamNGTrigger_198","class":"BeamNGTrigger","__parent":"SimGroup_1","position":[3550.49609,3392.52466,832.012878],"debug":true,"rotationMatrix":[-1,0,0,0,-0.999999821,-1.00413963e-05,0,-1.02202102e-05,0.999999821],"scale":[3,3,3]}
{"name":"BeamNGTrigger_199","class":"BeamNGTrigger","__parent":"SimGroup_1","position":[3563.62915,3276.40161,819.112244],"debug":true,"rotationMatrix":[0.999999881,0,0,0,0.982872009,-0.184288681,0,0.184288681,0.982872009],"scale":[3,3,3]}
{"name":"BeamNGTrigger_2","class":"BeamNGTrigger","__parent":"SimGroup_1","position":[2090.0791,4060.12524,974.116333],"debug":true,"rotationMatrix":[-0.832049966,-0.554700077,0,0.525491118,-0.788236618,-0.320221275,0.177626804,-0.266440034,0.947342515],"scale":[3,3,3]}
{"name":"BeamNGTrigger_20","class":"BeamNGTrigger","__parent":"SimGroup_1","position":[3598.7478,4069.16821,825.945068],"debug":true,"rotationMatrix":[0,-0.999999881,0,0.999511898,0,-0.0312348828,0.0312349126,0,0.999511898],"scale":[3,3,3]}
{"name":"BeamNGTrigger_200","class":"BeamNGTrigger","__parent":"SimGroup_1","position":[3550.26758,3276.34082,819.123596],"debug":true,"rotationMatrix":[0.999999881,0,0,0,0.982872009,-0.184288681,0,0.184288681,0.982872009],"scale":[3,3,3]}
{"name":"BeamNGTrigger_201","class":"BeamNGTrigger","__parent":"SimGroup_1","position":[3563.6731,3200.79956,819.437439],"debug":true,"rotationMatrix":[-1,0,0,0,-0.999999821,-1.00413963e-05,0,-1.02202102e-05,0.999999821],"scale":[3,3,3]}
{"name":"BeamNGTrigger_202","class":"BeamNGTrigger","__parent":"SimGroup_1","position":[3549.5127,3200.15088,819.459595],"debug":true,"rotationMatrix":[0.999999881,0,0,0,0.999511898,-0.0312348232,0,0.0312348232,0.999511898],"scale":[3,3,3]}
{"name":"BeamNGTrigger_203","class":"BeamNGTrigger","__parent":"SimGroup_1","position":[3564.15771,3117.09912,832.671814],"debug":true,"rotationMatrix":[0.999988794,0.00470978394,-2.32830616e-10,-0.00462646876,0.982299149,-0.187260866,-0.000881958404,0.18725884,0.982309997],"scale":[3,3,3]}
{"name":"BeamNGTrigger_204","class":"BeamNGTrigger","__parent":"SimGroup_1","position":[3549.65942,3117.08862,832.641418],"debug":true,"rotationMatrix":[0.999988794,0.00470978394,-2.32830616e-10,-0.00462646876,0.982299149,-0.187260866,-0.000881958404,0.18725884,0.982309997],"scale":[3,3,3]}
{"name":"BeamNGTrigger_205","class":"BeamNGTrigger","__parent":"SimGroup_1","position":[3549.5769,2989.84082,828.72052],"debug":true,"rotationMatrix":[-0.997458696,-0.0712470338,3.72528985e-09,0.0652467608,-0.913454592,-0.401675403,0.0286181923,-0.400654793,0.915781915],"scale":[3,3,3]}
{"name":"BeamNGTrigger_2051","class":"BeamNGTrigger","__parent":"SimGroup_1","position":[3549.5769,2976.55786,824.01825],"debug":true,"rotationMatrix":[-0.997458696,-0.0712470338,3.72528985e-09,0.0652467608,-0.913454592,-0.401675403,0.0286181923,-0.400654793,0.915781915],"scale":[3,3,3]}
{"name":"BeamNGTrigger_206","class":"BeamNGTrigger","__parent":"SimGroup_1","position":[3564.03418,2989.91089,828.690918],"debug":true,"rotationMatrix":[-0.999999881,0,0,0,-0.905458689,-0.424433887,0,-0.424433947,0.905458689],"scale":[3,3,3]}
{"name":"BeamNGTrigger_2061","class":"BeamNGTrigger","__parent":"SimGroup_1","position":[3564.03418,2976.62793,823.988647],"debug":true,"rotationMatrix":[-0.999999881,0,0,0,-0.905458689,-0.424433887,0,-0.424433947,0.905458689],"scale":[3,3,3]}
{"name":"BeamNGTrigger_207","class":"BeamNGTrigger","__parent":"SimGroup_1","position":[3563.77417,2750.50073,831.120056],"debug":true,"rotationMatrix":[-1,0,0,0,-0.999999821,-1.00413963e-05,0,-1.02202102e-05,0.999999821],"scale":[3,3,3]}
{"name":"BeamNGTrigger_208","class":"BeamNGTrigger","__parent":"SimGroup_1","position":[3557.8335,2750.31104,831.434326],"debug":true,"rotationMatrix":[-0.857492924,0.514495611,0,-0.506161213,-0.843602061,-0.17926544,-0.0922313333,-0.153718993,0.98380065],"scale":[3,3,3]}
{"name":"BeamNGTrigger_209","class":"BeamNGTrigger","__parent":"SimGroup_1","position":[3551.08594,2749.50854,831.104675],"debug":true,"rotationMatrix":[-0.999999881,0,0,0,-0.999511898,-0.0312348232,0,-0.0312348232,0.999511898],"scale":[3,3,3]}
{"name":"BeamNGTrigger_21","class":"BeamNGTrigger","__parent":"SimGroup_1","position":[4007.84399,4022.78369,819.1875],"debug":true,"rotationMatrix":[-1,0,0,0,-0.999999821,-1.00413963e-05,0,-1.02202102e-05,0.999999821],"scale":[3,3,3]}
{"name":"BeamNGTrigger_210","class":"BeamNGTrigger","__parent":"SimGroup_1","position":[3562.64062,2540.30908,838.787109],"debug":true,"rotationMatrix":[0.999919295,-0.0126952613,4.65661232e-10,0.0123782204,0.974948108,-0.222087011,0.00281945313,0.222069129,0.975026667],"scale":[3,3,3]}
{"name":"BeamNGTrigger_211","class":"BeamNGTrigger","__parent":"SimGroup_1","position":[3550.12109,2539.99512,838.854492],"debug":true,"rotationMatrix":[0.999919295,-0.0126952613,4.65661232e-10,0.0123782204,0.974948108,-0.222087011,0.00281945313,0.222069129,0.975026667],"scale":[3,3,3]}
{"name":"BeamNGTrigger_212","class":"BeamNGTrigger","__parent":"SimGroup_1","position":[3550.90039,2385.79858,839.717407],"debug":true,"rotationMatrix":[0.999999881,0,0,0,0.999511898,-0.0312348232,0,0.0312348232,0.999511898],"scale":[3,3,3]}
{"name":"BeamNGTrigger_2121","class":"BeamNGTrigger","__parent":"SimGroup_1","position":[3550.90039,2371.69678,838.103455],"debug":true,"rotationMatrix":[0.999999881,0,0,0,0.999511898,-0.0312348232,0,0.0312348232,0.999511898],"scale":[3,3,3]}
{"name":"BeamNGTrigger_21211","class":"BeamNGTrigger","__parent":"SimGroup_1","position":[3550.90039,2360.21069,833.941223],"debug":true,"rotationMatrix":[0.999999881,0,0,0,0.999511898,-0.0312348232,0,0.0312348232,0.999511898],"scale":[3,3,3]}
{"name":"BeamNGTrigger_212111","class":"BeamNGTrigger","__parent":"SimGroup_1","position":[3550.90039,2349.04346,826.560181],"debug":true,"rotationMatrix":[0.999999881,0,0,0,0.999511898,-0.0312348232,0,0.0312348232,0.999511898],"scale":[3,3,3]}
{"name":"BeamNGTrigger_2121111","class":"BeamNGTrigger","__parent":"SimGroup_1","position":[3550.90039,2329.38452,821.280518],"debug":true,"rotationMatrix":[0.999999881,0,0,0,0.999511898,-0.0312348232,0,0.0312348232,0.999511898],"scale":[3,3,3]}
{"name":"BeamNGTrigger_213","class":"BeamNGTrigger","__parent":"SimGroup_1","position":[3564.03564,2385.97217,839.680725],"debug":true,"rotationMatrix":[0.999999881,0,0,0,0.999511898,-0.0312348232,0,0.0312348232,0.999511898],"scale":[3,3,3]}
{"name":"BeamNGTrigger_2131","class":"BeamNGTrigger","__parent":"SimGroup_1","position":[3564.03564,2371.87036,838.066772],"debug":true,"rotationMatrix":[0.999999881,0,0,0,0.999511898,-0.0312348232,0,0.0312348232,0.999511898],"scale":[3,3,3]}
{"name":"BeamNGTrigger_21311","class":"BeamNGTrigger","__parent":"SimGroup_1","position":[3564.03564,2360.38428,833.904541],"debug":true,"rotationMatrix":[0.999999881,0,0,0,0.999511898,-0.0312348232,0,0.0312348232,0.999511898],"scale":[3,3,3]}
{"name":"BeamNGTrigger_213111","class":"BeamNGTrigger","__parent":"SimGroup_1","position":[3564.03564,2349.21704,826.523499],"debug":true,"rotationMatrix":[0.999999881,0,0,0,0.999511898,-0.0312348232,0,0.0312348232,0.999511898],"scale":[3,3,3]}
{"name":"BeamNGTrigger_2131111","class":"BeamNGTrigger","__parent":"SimGroup_1","position":[3564.03564,2329.55811,821.243835],"debug":true,"rotationMatrix":[0.999999881,0,0,0,0.999511898,-0.0312348232,0,0.0312348232,0.999511898],"scale":[3,3,3]}
{"name":"BeamNGTrigger_214","class":"BeamNGTrigger","__parent":"SimGroup_1","position":[3557.29004,2386.11621,839.998718],"debug":true,"rotationMatrix":[-0.923076987,-0.384615362,0,0.356333256,-0.855199695,-0.376377046,0.14476043,-0.347425133,0.926466346],"scale":[3,3,3]}
{"name":"BeamNGTrigger_2141","class":"BeamNGTrigger","__parent":"SimGroup_1","position":[3557.29004,2372.0144,838.384766],"debug":true,"rotationMatrix":[-0.923076987,-0.384615362,0,0.356333256,-0.855199695,-0.376377046,0.14476043,-0.347425133,0.926466346],"scale":[3,3,3]}
{"name":"BeamNGTrigger_21411","class":"BeamNGTrigger","__parent":"SimGroup_1","position":[3557.29004,2360.52832,834.222534],"debug":true,"rotationMatrix":[-0.923076987,-0.384615362,0,0.356333256,-0.855199695,-0.376377046,0.14476043,-0.347425133,0.926466346],"scale":[3,3,3]}
{"name":"BeamNGTrigger_214111","class":"BeamNGTrigger","__parent":"SimGroup_1","position":[3557.29004,2349.36108,826.841492],"debug":true,"rotationMatrix":[-0.923076987,-0.384615362,0,0.356333256,-0.855199695,-0.376377046,0.14476043,-0.347425133,0.926466346],"scale":[3,3,3]}
{"name":"BeamNGTrigger_2141111","class":"BeamNGTrigger","__parent":"SimGroup_1","position":[3557.29004,2329.70215,821.561829],"debug":true,"rotationMatrix":[-0.923076987,-0.384615362,0,0.356333256,-0.855199695,-0.376377046,0.14476043,-0.347425133,0.926466346],"scale":[3,3,3]}
{"name":"BeamNGTrigger_22","class":"BeamNGTrigger","__parent":"SimGroup_1","position":[3961.09473,4025.92847,819.187561],"debug":true,"rotationMatrix":[-1,0,0,0,-0.999999821,-1.00413963e-05,0,-1.02202102e-05,0.999999821],"scale":[3,3,3]}
{"name":"BeamNGTrigger_23","class":"BeamNGTrigger","__parent":"SimGroup_1","position":[3950.40503,3966.44775,819.1875],"debug":true,"rotationMatrix":[-1,0,0,0,-0.999999821,-1.00413963e-05,0,-1.02202102e-05,0.999999821],"scale":[3,3,3]}
{"name":"BeamNGTrigger_24","class":"BeamNGTrigger","__parent":"SimGroup_1","position":[3921.96167,4013.5459,820.40863],"debug":true,"rotationMatrix":[0,-0.999999881,0,0.998052418,0,-0.0623783618,0.0623783618,0,0.998052418],"scale":[3,3,3]}
{"name":"BeamNGTrigger_25","class":"BeamNGTrigger","__parent":"SimGroup_1","position":[3977.57593,3966.0249,819.1875],"debug":true,"rotationMatrix":[-1,0,0,0,-0.999999821,-1.00413963e-05,0,-1.02202102e-05,0.999999821],"scale":[3,3,3]}
{"name":"BeamNGTrigger_26","class":"BeamNGTrigger","__parent":"SimGroup_1","position":[4011.90771,4009.59229,819.1875],"debug":true,"rotationMatrix":[-1,0,0,0,-0.999999821,-1.00413963e-05,0,-1.02202102e-05,0.999999821],"scale":[3,3,3]}
{"name":"BeamNGTrigger_27","class":"BeamNGTrigger","__parent":"SimGroup_1","position":[3974.49023,3997.45557,819.1875],"debug":true,"rotationMatrix":[-1,0,0,0,-0.999999821,-1.00413963e-05,0,-1.02202102e-05,0.999999821],"scale":[3,3,3]}
{"name":"BeamNGTrigger_28","class":"BeamNGTrigger","__parent":"SimGroup_1","position":[4013.6167,3956.52344,819.187439],"debug":true,"rotationMatrix":[-1,0,0,0,-0.999999821,-1.00413963e-05,0,-1.02202102e-05,0.999999821],"scale":[3,3,3]}
{"name":"BeamNGTrigger_29","class":"BeamNGTrigger","__parent":"SimGroup_1","position":[4031.44238,3990.59717,819.1875],"debug":true,"rotationMatrix":[-1,0,0,0,-0.999999821,-1.00413963e-05,0,-1.02202102e-05,0.999999821],"scale":[3,3,3]}
{"name":"BeamNGTrigger_3","class":"BeamNGTrigger","__parent":"SimGroup_1","position":[511.986084,4058.93262,1485.91187],"debug":true,"rotationMatrix":[0,-0.999999881,0,0.926466286,0,-0.376377046,0.376377016,0,0.926466286],"scale":[3,3,3]}
{"name":"BeamNGTrigger_30","class":"BeamNGTrigger","__parent":"SimGroup_1","position":[3918.14453,3973.56177,820.620544],"debug":true,"rotationMatrix":[0,-0.999999881,0,0.999511898,0,-0.0312348828,0.0312349126,0,0.999511898],"scale":[3,3,3]}
{"name":"BeamNGTrigger_31","class":"BeamNGTrigger","__parent":"SimGroup_1","position":[3913.5166,3943.47144,820.625],"debug":true,"rotationMatrix":[-1,0,0,0,-0.999999821,-1.00413963e-05,0,-1.02202102e-05,0.999999821],"scale":[3,3,3]}
{"name":"BeamNGTrigger_32","class":"BeamNGTrigger","__parent":"SimGroup_1","position":[3925.89111,3931.79712,820.263184],"debug":true,"rotationMatrix":[0,-0.999999881,0,0.995634079,0,-0.0933407694,0.0933407992,0,0.995634079],"scale":[3,3,3]}
{"name":"BeamNGTrigger_33","class":"BeamNGTrigger","__parent":"SimGroup_1","position":[3955.11426,3944.35498,819.1875],"debug":true,"rotationMatrix":[-1,0,0,0,-0.999999821,-1.00413963e-05,0,-1.02202102e-05,0.999999821],"scale":[3,3,3]}
