{"name":"BeamNGTrigger_1","class":"BeamNGTrigger","__parent":"SimGroup_","position":[3122.62207,-19.7851868,50.119381],"debug":true,"rotationMatrix":[-1,0,0,0,-0.999999821,-1.00413963e-05,0,-1.02202102e-05,0.999999821],"scale":[3,3,3]}
{"name":"BeamNGTrigger_10","class":"BeamNGTrigger","__parent":"SimGroup_","position":[3437.12036,1385.17358,14.2104149],"debug":true,"rotationMatrix":[0.999999881,0,0,0,0.99987781,-0.0156231178,0,0.0156231178,0.99987781],"scale":[3,3,3]}
{"name":"BeamNGTrigger_100","class":"BeamNGTrigger","__parent":"SimGroup_","position":[112.088898,1545.55298,26.6506157],"debug":true,"rotationMatrix":[-1,0,0,0,-0.999999821,-1.00413963e-05,0,-1.02202102e-05,0.999999821],"scale":[3,3,3]}
{"name":"BeamNGTrigger_101","class":"BeamNGTrigger","__parent":"SimGroup_","position":[521.696533,2213.82422,29.4984932],"debug":true,"rotationMatrix":[-0.999910235,-0.0133851059,-9.31322464e-10,0.0133851049,-0.999910235,-9.98179166e-06,1.32486619e-07,-9.98178439e-06,0.999999762],"scale":[3,3,3]}
{"name":"BeamNGTrigger_102","class":"BeamNGTrigger","__parent":"SimGroup_","position":[524.823486,2211.16772,29.498497],"debug":true,"rotationMatrix":[-0.999910235,-0.0133851059,-9.31322464e-10,0.0133851049,-0.999910235,-9.98179166e-06,1.32486619e-07,-9.98178439e-06,0.999999762],"scale":[3,3,3]}
{"name":"BeamNGTrigger_103","class":"BeamNGTrigger","__parent":"SimGroup_","position":[544.535156,2195.24512,29.5061893],"debug":true,"rotationMatrix":[-0.999976277,0.00689323479,0,-0.00689323433,-0.999976099,-1.01606056e-05,-7.04518044e-08,-1.02202084e-05,0.999999821],"scale":[3,3,3]}
{"name":"BeamNGTrigger_104","class":"BeamNGTrigger","__parent":"SimGroup_","position":[548.305908,2192.75537,29.5061836],"debug":true,"rotationMatrix":[-0.999976277,0.00689323479,0,-0.00689323433,-0.999976099,-1.01606056e-05,-7.04518044e-08,-1.02202084e-05,0.999999821],"scale":[3,3,3]}
{"name":"BeamNGTrigger_105","class":"BeamNGTrigger","__parent":"SimGroup_","position":[119.489349,-1479.28137,34.8413811],"debug":true,"rotationMatrix":[-1,0,0,0,-0.999999821,-1.00413963e-05,0,-1.02202102e-05,0.999999821],"scale":[3,3,3]}
{"name":"BeamNGTrigger_106","class":"BeamNGTrigger","__parent":"SimGroup_","position":[116.172943,-1481.38855,34.8354263],"debug":true,"rotationMatrix":[0.999999881,0,0,0,0.99987781,-0.0156231178,0,0.0156231178,0.99987781],"scale":[3,3,3]}
{"name":"BeamNGTrigger_107","class":"BeamNGTrigger","__parent":"SimGroup_","position":[108.838867,-1485.57629,34.8381233],"debug":true,"rotationMatrix":[0.70710665,0.70710665,2.98023188e-08,-0.706934094,0.706934035,-0.0220918301,-0.015621244,0.0156213036,0.99975574],"scale":[3,3,3]}
{"name":"BeamNGTrigger_108","class":"BeamNGTrigger","__parent":"SimGroup_","position":[105.008453,-1487.8833,34.8537445],"debug":true,"rotationMatrix":[-1,0,0,0,-0.999999821,-1.00413963e-05,0,-1.02202102e-05,0.999999821],"scale":[3,3,3]}
{"name":"BeamNGTrigger_109","class":"BeamNGTrigger","__parent":"SimGroup_","position":[926.330688,-2239.4917,65.1455994],"debug":true,"rotationMatrix":[-0.316227615,0.948683143,2.98023188e-08,-0.947527111,-0.31584239,-0.049350515,-0.0468179733,-0.0156059517,0.998781323],"scale":[3,3,3]}
{"name":"BeamNGTrigger_11","class":"BeamNGTrigger","__parent":"SimGroup_","position":[3418.46436,1383.31531,14.2394447],"debug":true,"rotationMatrix":[0.999999881,0,0,0,0.99987781,-0.0156231178,0,0.0156231178,0.99987781],"scale":[3,3,3]}
{"name":"BeamNGTrigger_110","class":"BeamNGTrigger","__parent":"SimGroup_","position":[925.685425,-2243.50537,65.0654831],"debug":true,"rotationMatrix":[0,0.999999881,0,-0.999511898,0,-0.0312348828,-0.0312349126,0,0.999511898],"scale":[3,3,3]}
{"name":"BeamNGTrigger_111","class":"BeamNGTrigger","__parent":"SimGroup_","position":[923.896729,-2256.40015,65.0755386],"debug":true,"rotationMatrix":[0.447213531,0.894427061,0,-0.893881619,0.446940809,-0.0349173136,-0.031231029,0.0156154996,0.999390066],"scale":[3,3,3]}
{"name":"BeamNGTrigger_112","class":"BeamNGTrigger","__parent":"SimGroup_","position":[922.841431,-2260.49097,65.1711731],"debug":true,"rotationMatrix":[0.948683202,0.316227704,0,-0.31584239,0.947527111,-0.049350515,-0.0156059815,0.0468180329,0.998781264],"scale":[3,3,3]}
{"name":"BeamNGTrigger_113","class":"BeamNGTrigger","__parent":"SimGroup_","position":[1918.17285,-2098.67578,69.2795105],"debug":true,"rotationMatrix":[-0.707565546,0.706647396,0,-0.706604242,-0.707522273,-0.0110549591,-0.00781193469,-0.00782209635,0.999938667],"scale":[3,3,3]}
{"name":"BeamNGTrigger_114","class":"BeamNGTrigger","__parent":"SimGroup_","position":[1918.63354,-2102.64185,69.2678223],"debug":true,"rotationMatrix":[-0.707565546,0.706647396,0,-0.706604242,-0.707522273,-0.0110549591,-0.00781193469,-0.00782209635,0.999938667],"scale":[3,3,3]}
{"name":"BeamNGTrigger_115","class":"BeamNGTrigger","__parent":"SimGroup_","position":[1920.01074,-2126.64404,69.2283096],"debug":true,"rotationMatrix":[0.948683202,0.316227674,-1.49011594e-08,-0.316131234,0.948393762,-0.0246979222,-0.00781015679,0.0234305467,0.999694765],"scale":[3,3,3]}
{"name":"BeamNGTrigger_116","class":"BeamNGTrigger","__parent":"SimGroup_","position":[1920.27417,-2130.77417,69.2838135],"debug":true,"rotationMatrix":[0.70664686,0.707566142,0,-0.707523048,0.706603765,-0.0110410117,-0.00781223271,0.00780212972,0.999938905],"scale":[3,3,3]}
{"name":"BeamNGTrigger_117","class":"BeamNGTrigger","__parent":"SimGroup_","position":[2539.41992,-1679.84912,60.1864052],"debug":true,"rotationMatrix":[-0.00128006912,-0.999999046,5.96046377e-08,0.999968469,-0.00127997971,-0.00781234773,0.00781234773,-1.00136904e-05,0.999969304],"scale":[3,3,3]}
{"name":"BeamNGTrigger_118","class":"BeamNGTrigger","__parent":"SimGroup_","position":[2542.74951,-1681.96863,60.1816406],"debug":true,"rotationMatrix":[0.999999881,2.00231825e-05,0,-2.00225732e-05,0.999969423,-0.00780239375,-1.56229262e-07,0.00780239375,0.999969423],"scale":[3,3,3]}
{"name":"BeamNGTrigger_119","class":"BeamNGTrigger","__parent":"SimGroup_","position":[2564.84595,-1693.20496,60.2525673],"debug":true,"rotationMatrix":[0.70664686,0.707566142,0,-0.707523048,0.706603765,-0.0110410117,-0.00781223271,0.00780212972,0.999938905],"scale":[3,3,3]}
{"name":"BeamNGTrigger_12","class":"BeamNGTrigger","__parent":"SimGroup_","position":[3413.87622,1382.73022,14.2486],"debug":true,"rotationMatrix":[0.999999881,0,0,0,0.99987781,-0.0156231178,0,0.0156231178,0.99987781],"scale":[3,3,3]}
{"name":"BeamNGTrigger_120","class":"BeamNGTrigger","__parent":"SimGroup_","position":[2568.62061,-1695.39954,60.2709503],"debug":true,"rotationMatrix":[0.999999881,2.00231825e-05,0,-2.00225732e-05,0.999969423,-0.00780239375,-1.56229262e-07,0.00780239375,0.999969423],"scale":[3,3,3]}
{"name":"BeamNGTrigger_121","class":"BeamNGTrigger","__parent":"SimGroup_","position":[2665.59204,-678.917175,47.9707832],"debug":true,"rotationMatrix":[-0.707106471,-0.70710665,2.98023188e-08,0.706934094,-0.706934035,-0.0220918301,0.015621244,-0.0156211248,0.99975574],"scale":[3,3,3]}
{"name":"BeamNGTrigger_122","class":"BeamNGTrigger","__parent":"SimGroup_","position":[2669.31055,-681.124207,47.927021],"debug":true,"rotationMatrix":[0,-0.999999881,0,0.999877751,0,-0.0156231774,0.0156231774,0,0.999877751],"scale":[3,3,3]}
{"name":"BeamNGTrigger_123","class":"BeamNGTrigger","__parent":"SimGroup_","position":[2691.79443,-691.548828,47.8186646],"debug":true,"rotationMatrix":[0.70710665,-0.70710665,-2.98023188e-08,0.706934094,0.706934035,-0.0220918301,0.015621244,0.0156213036,0.99975574],"scale":[3,3,3]}
{"name":"BeamNGTrigger_124","class":"BeamNGTrigger","__parent":"SimGroup_","position":[2695.55518,-693.818726,47.8224945],"debug":true,"rotationMatrix":[-1,0,0,0,-0.999999821,-1.00413963e-05,0,-1.02202102e-05,0.999999821],"scale":[3,3,3]}
{"name":"BeamNGTrigger_125","class":"BeamNGTrigger","__parent":"SimGroup_","position":[2697.91016,-2294.30493,91.9135056],"debug":true,"rotationMatrix":[0.948683202,0.316227704,0,-0.31584239,0.947527111,-0.049350515,-0.0156059815,0.0468180329,0.998781264],"scale":[3,3,3]}
{"name":"BeamNGTrigger_126","class":"BeamNGTrigger","__parent":"SimGroup_","position":[2695.24146,-2296.55786,91.9530792],"debug":true,"rotationMatrix":[0.832050204,0.554700077,0,-0.553821921,0.830732822,-0.0562476665,-0.031200571,0.0468009152,0.998416662],"scale":[3,3,3]}
{"name":"BeamNGTrigger_127","class":"BeamNGTrigger","__parent":"SimGroup_","position":[2689.93652,-2302.24512,92.0156784],"debug":true,"rotationMatrix":[0.70710665,0.707106709,-2.98023188e-08,-0.706417203,0.706417143,-0.044151146,-0.0312195979,0.0312195979,0.999024749],"scale":[3,3,3]}
{"name":"BeamNGTrigger_128","class":"BeamNGTrigger","__parent":"SimGroup_","position":[2687.69727,-2304.8811,92.0437164],"debug":true,"rotationMatrix":[0.70710665,0.707106709,-2.98023188e-08,-0.706417203,0.706417143,-0.044151146,-0.0312195979,0.0312195979,0.999024749],"scale":[3,3,3]}
{"name":"BeamNGTrigger_129","class":"BeamNGTrigger","__parent":"SimGroup_","position":[3345.94702,-3541.54907,45.9006271],"debug":true,"rotationMatrix":[-1,0,0,0,-0.999999821,-1.00413963e-05,0,-1.02202102e-05,0.999999821],"scale":[3,3,3]}
{"name":"BeamNGTrigger_13","class":"BeamNGTrigger","__parent":"SimGroup_","position":[2817.54126,2214.73633,40.5704346],"debug":true,"rotationMatrix":[-0.00128006912,-0.999999046,5.96046377e-08,0.999968469,-0.00127997971,-0.00781234773,0.00781234773,-1.00136904e-05,0.999969304],"scale":[3,3,3]}
{"name":"BeamNGTrigger_130","class":"BeamNGTrigger","__parent":"SimGroup_","position":[3338.10376,-3533.57031,45.9006195],"debug":true,"rotationMatrix":[-1,0,0,0,-0.999999821,-1.00413963e-05,0,-1.02202102e-05,0.999999821],"scale":[3,3,3]}
{"name":"BeamNGTrigger_131","class":"BeamNGTrigger","__parent":"SimGroup_","position":[2544.03735,-3808.50635,77.4999237],"debug":true,"rotationMatrix":[0.242535561,-0.970142424,-2.98023188e-08,0.968135297,0.242033795,-0.0642903,0.062370792,0.0155926533,0.997931063],"scale":[3,3,3]}
{"name":"BeamNGTrigger_132","class":"BeamNGTrigger","__parent":"SimGroup_","position":[2544.87891,-3797.64502,77.4219055],"debug":true,"rotationMatrix":[0,-0.999999881,0,0.998903036,0,-0.0468235798,0.0468236394,0,0.998903036],"scale":[3,3,3]}
{"name":"BeamNGTrigger_133","class":"BeamNGTrigger","__parent":"SimGroup_","position":[1953.3125,-3642.93359,90.1985016],"debug":true,"rotationMatrix":[0,-0.999999881,0,0.998903036,0,-0.0468235798,0.0468236394,0,0.998903036],"scale":[3,3,3]}
{"name":"BeamNGTrigger_134","class":"BeamNGTrigger","__parent":"SimGroup_","position":[1958.54077,-3630.06592,90.0942764],"debug":true,"rotationMatrix":[-0.707106471,-0.70710665,2.98023188e-08,0.706934094,-0.706934035,-0.0220918301,0.015621244,-0.0156211248,0.99975574],"scale":[3,3,3]}
{"name":"BeamNGTrigger_135","class":"BeamNGTrigger","__parent":"SimGroup_","position":[1210.54236,-2951.80688,102.37484],"debug":true,"rotationMatrix":[0.70710665,0.70710665,2.98023188e-08,-0.706934094,0.706934035,-0.0220918301,-0.015621244,0.0156213036,0.99975574],"scale":[3,3,3]}
{"name":"BeamNGTrigger_136","class":"BeamNGTrigger","__parent":"SimGroup_","position":[1224.5,-2947.66724,102.502205],"debug":true,"rotationMatrix":[0,0.999999881,0,-0.999877751,0,-0.0156231774,-0.0156231774,0,0.999877751],"scale":[3,3,3]}
{"name":"BeamNGTrigger_137","class":"BeamNGTrigger","__parent":"SimGroup_","position":[599.467896,-2419.00977,88.9475098],"debug":true,"rotationMatrix":[-1,0,0,0,-0.999999821,-1.00413963e-05,0,-1.02202102e-05,0.999999821],"scale":[3,3,3]}
{"name":"BeamNGTrigger_138","class":"BeamNGTrigger","__parent":"SimGroup_","position":[596.14563,-2426.64111,88.9474945],"debug":true,"rotationMatrix":[-1,0,0,0,-0.999999821,-1.00413963e-05,0,-1.02202102e-05,0.999999821],"scale":[3,3,3]}
{"name":"BeamNGTrigger_139","class":"BeamNGTrigger","__parent":"SimGroup_","position":[601.44751,-2414.80566,88.9474945],"debug":true,"rotationMatrix":[-1,0,0,0,-0.999999821,-1.00413963e-05,0,-1.02202102e-05,0.999999821],"scale":[3,3,3]}
{"name":"BeamNGTrigger_14","class":"BeamNGTrigger","__parent":"SimGroup_","position":[2813.65186,2212.66333,40.5646935],"debug":true,"rotationMatrix":[-0.707565546,0.706647396,0,-0.706604242,-0.707522273,-0.0110549591,-0.00781193469,-0.00782209635,0.999938667],"scale":[3,3,3]}
{"name":"BeamNGTrigger_140","class":"BeamNGTrigger","__parent":"SimGroup_","position":[594.009033,-2430.48853,88.9475098],"debug":true,"rotationMatrix":[-1,0,0,0,-0.999999821,-1.00413963e-05,0,-1.02202102e-05,0.999999821],"scale":[3,3,3]}
{"name":"BeamNGTrigger_141","class":"BeamNGTrigger","__parent":"SimGroup_","position":[-208.904984,-2324.7229,76.7772293],"debug":true,"rotationMatrix":[0.242535561,0.970142424,2.98023188e-08,-0.968135297,0.242033795,-0.0642903,-0.062370792,0.0155926533,0.997931063],"scale":[3,3,3]}
{"name":"BeamNGTrigger_142","class":"BeamNGTrigger","__parent":"SimGroup_","position":[-209.14151,-2320.32471,76.7511597],"debug":true,"rotationMatrix":[0,0.999999881,0,-0.998052418,0,-0.0623783618,-0.0623783618,0,0.998052418],"scale":[3,3,3]}
{"name":"BeamNGTrigger_143","class":"BeamNGTrigger","__parent":"SimGroup_","position":[-209.706833,-2310.52563,76.7715378],"debug":true,"rotationMatrix":[-0.393919289,0.919144928,0,-0.917522252,-0.393223822,-0.059393242,-0.0545910113,-0.0233961642,0.99823457],"scale":[3,3,3]}
{"name":"BeamNGTrigger_144","class":"BeamNGTrigger","__parent":"SimGroup_","position":[-209.847717,-2306.25391,76.861557],"debug":true,"rotationMatrix":[-0.514495492,0.857492805,2.98023188e-08,-0.856604397,-0.513962626,-0.0455072112,-0.0390220657,-0.0234132223,0.998963773],"scale":[3,3,3]}
{"name":"BeamNGTrigger_145","class":"BeamNGTrigger","__parent":"SimGroup_","position":[-1319.4187,-2148.0791,50.424572],"debug":true,"rotationMatrix":[0.371390581,0.928476572,2.98023188e-08,-0.927655876,0.371062338,-0.0420344658,-0.0390280634,0.0156112015,0.999116004],"scale":[3,3,3]}
{"name":"BeamNGTrigger_146","class":"BeamNGTrigger","__parent":"SimGroup_","position":[-1318.0481,-2144.23877,50.4396744],"debug":true,"rotationMatrix":[0.19611606,0.980580568,0,-0.979803383,0.195960686,-0.0398045368,-0.0390315838,0.00780631695,0.999207318],"scale":[3,3,3]}
{"name":"BeamNGTrigger_147","class":"BeamNGTrigger","__parent":"SimGroup_","position":[-1315.1272,-2133.81079,50.4722939],"debug":true,"rotationMatrix":[0.19611606,0.980580568,0,-0.979803383,0.195960686,-0.0398045368,-0.0390315838,0.00780631695,0.999207318],"scale":[3,3,3]}
{"name":"BeamNGTrigger_148","class":"BeamNGTrigger","__parent":"SimGroup_","position":[-1314.40625,-2129.61694,50.467701],"debug":true,"rotationMatrix":[0.19611606,0.980580568,0,-0.979803383,0.195960686,-0.0398045368,-0.0390315838,0.00780631695,0.999207318],"scale":[3,3,3]}
{"name":"BeamNGTrigger_149","class":"BeamNGTrigger","__parent":"SimGroup_","position":[-2174.44873,-1614.58167,40.8416405],"debug":true,"rotationMatrix":[-0.00128006912,-0.999999046,5.96046377e-08,0.999968469,-0.00127997971,-0.00781234773,0.00781234773,-1.00136904e-05,0.999969304],"scale":[3,3,3]}
{"name":"BeamNGTrigger_15","class":"BeamNGTrigger","__parent":"SimGroup_","position":[2798.11157,2204.21899,40.5646896],"debug":true,"rotationMatrix":[-1,0,0,0,-0.999999821,-1.00413963e-05,0,-1.02202102e-05,0.999999821],"scale":[3,3,3]}
{"name":"BeamNGTrigger_150","class":"BeamNGTrigger","__parent":"SimGroup_","position":[-2171.20264,-1611.95911,40.8381233],"debug":true,"rotationMatrix":[-1,0,0,0,-0.999999821,-1.00413963e-05,0,-1.02202102e-05,0.999999821],"scale":[3,3,3]}
{"name":"BeamNGTrigger_151","class":"BeamNGTrigger","__parent":"SimGroup_","position":[-2162.21851,-1603.06812,40.8381386],"debug":true,"rotationMatrix":[-1,0,0,0,-0.999999821,-1.00413963e-05,0,-1.02202102e-05,0.999999821],"scale":[3,3,3]}
{"name":"BeamNGTrigger_152","class":"BeamNGTrigger","__parent":"SimGroup_","position":[-2159.02979,-1599.9812,40.838295],"debug":true,"rotationMatrix":[-0.999999881,-1.99719943e-05,-9.09494593e-13,1.99713832e-05,-0.999969244,-0.00782236084,1.56227443e-07,-0.00782236084,0.999969244],"scale":[3,3,3]}
{"name":"BeamNGTrigger_153","class":"BeamNGTrigger","__parent":"SimGroup_","position":[-2585.45117,-777.057312,75.2456665],"debug":true,"rotationMatrix":[-0.980580688,-0.196116105,7.45057971e-09,0.195960656,-0.979803443,-0.0398045368,0.00780633185,-0.0390315838,0.999207377],"scale":[3,3,3]}
{"name":"BeamNGTrigger_154","class":"BeamNGTrigger","__parent":"SimGroup_","position":[-3341.78467,-798.582947,65.9739685],"debug":true,"rotationMatrix":[0.613940477,0.789352119,2.98023188e-08,-0.786238968,0.611519217,-0.0887249261,-0.0700352713,0.0544717722,0.99605602],"scale":[3,3,3]}
{"name":"BeamNGTrigger_155","class":"BeamNGTrigger","__parent":"SimGroup_","position":[-3281.27319,-1155.51733,86.1657867],"debug":true,"rotationMatrix":[0.447213531,0.894427061,0,-0.893881619,0.446940809,-0.0349173136,-0.031231029,0.0156154996,0.999390066],"scale":[3,3,3]}
{"name":"BeamNGTrigger_156","class":"BeamNGTrigger","__parent":"SimGroup_","position":[-3345.56909,-800.851501,65.9460907],"debug":true,"rotationMatrix":[0.874157131,0.48564291,-1.49011594e-08,-0.48407945,0.871342897,-0.0801758319,-0.0389367826,0.0700863004,0.996780515],"scale":[3,3,3]}
{"name":"BeamNGTrigger_157","class":"BeamNGTrigger","__parent":"SimGroup_","position":[-3281.12183,-1159.80774,86.2375488],"debug":true,"rotationMatrix":[0.447213531,0.894427061,0,-0.893881619,0.446940809,-0.0349173136,-0.031231029,0.0156154996,0.999390066],"scale":[3,3,3]}
{"name":"BeamNGTrigger_158","class":"BeamNGTrigger","__parent":"SimGroup_","position":[-2785.79175,-1222.59973,92.8851013],"debug":true,"rotationMatrix":[0.948683202,0.316227704,0,-0.31584239,0.947527111,-0.049350515,-0.0156059815,0.0468180329,0.998781264],"scale":[3,3,3]}
{"name":"BeamNGTrigger_159","class":"BeamNGTrigger","__parent":"SimGroup_","position":[-2781.83496,-1221.44751,92.9580078],"debug":true,"rotationMatrix":[0.832050204,0.554700077,0,-0.553821921,0.830732822,-0.0562476665,-0.031200571,0.0468009152,0.998416662],"scale":[3,3,3]}
{"name":"BeamNGTrigger_16","class":"BeamNGTrigger","__parent":"SimGroup_","position":[2794.56226,2202.323,40.5706177],"debug":true,"rotationMatrix":[-0.707551599,-0.706661344,0,0.70661819,-0.707508445,-0.0110550784,0.00781217311,-0.00782209635,0.999938667],"scale":[3,3,3]}
{"name":"BeamNGTrigger_160","class":"BeamNGTrigger","__parent":"SimGroup_","position":[-2524.48096,-1418.15149,46.1482468],"debug":true,"rotationMatrix":[-0.894427061,-0.447213531,-1.49011594e-08,0.446940809,-0.893881559,-0.0349173732,0.0156154996,-0.0312309992,0.999390006],"scale":[3,3,3]}
{"name":"BeamNGTrigger_161","class":"BeamNGTrigger","__parent":"SimGroup_","position":[-2527.97998,-1420.22485,46.1624336],"debug":true,"rotationMatrix":[-0.707106471,-0.70710665,2.98023188e-08,0.706934094,-0.706934035,-0.0220918301,0.015621244,-0.0156211248,0.99975574],"scale":[3,3,3]}
{"name":"BeamNGTrigger_162","class":"BeamNGTrigger","__parent":"SimGroup_","position":[-2372.95801,-1826.14539,46.962326],"debug":true,"rotationMatrix":[-0.707565546,0.706647396,0,-0.706604242,-0.707522273,-0.0110549591,-0.00781193469,-0.00782209635,0.999938667],"scale":[3,3,3]}
{"name":"BeamNGTrigger_163","class":"BeamNGTrigger","__parent":"SimGroup_","position":[-2373.02954,-1864.80811,45.6456146],"debug":true,"rotationMatrix":[-0.799999833,0.599999905,2.98023188e-08,-0.598177195,-0.797569513,-0.0778877884,-0.046732679,-0.0623102784,0.996961951],"scale":[3,3,3]}
{"name":"BeamNGTrigger_164","class":"BeamNGTrigger","__parent":"SimGroup_","position":[-2425.43115,-1828.91797,45.192688],"debug":true,"rotationMatrix":[-0.832050085,0.554700017,0,-0.554480135,-0.831720173,-0.0281573161,-0.0156188766,-0.0234282706,0.999603331],"scale":[3,3,3]}
{"name":"BeamNGTrigger_165","class":"BeamNGTrigger","__parent":"SimGroup_","position":[-2451.93408,-1712.11023,46.3058548],"debug":true,"rotationMatrix":[0,-0.999999881,0,0.999877751,0,-0.0156231774,0.0156231774,0,0.999877751],"scale":[3,3,3]}
{"name":"BeamNGTrigger_166","class":"BeamNGTrigger","__parent":"SimGroup_","position":[-2482.84375,-1633.74524,47.0256424],"debug":true,"rotationMatrix":[-1,0,0,0,-0.999999821,-1.00413963e-05,0,-1.02202102e-05,0.999999821],"scale":[3,3,3]}
{"name":"BeamNGTrigger_167","class":"BeamNGTrigger","__parent":"SimGroup_","position":[-2531.604,-1669.69873,48.3154602],"debug":true,"rotationMatrix":[0.11914514,-0.992876709,-2.98023188e-08,0.974206507,0.116904773,-0.193014786,0.191639885,0.0229967888,0.981195688],"scale":[3,3,3]}
{"name":"BeamNGTrigger_168","class":"BeamNGTrigger","__parent":"SimGroup_","position":[-2558.09473,-1608.30884,48.0854225],"debug":true,"rotationMatrix":[0.857492805,-0.514495671,0,0.512373507,0.853955865,-0.0907328874,0.0466816947,0.0778028369,0.99587512],"scale":[3,3,3]}
{"name":"BeamNGTrigger_169","class":"BeamNGTrigger","__parent":"SimGroup_","position":[-2608.17676,-1669.36841,49.9731064],"debug":true,"rotationMatrix":[-0.44721359,0.894427061,0,-0.894290566,-0.447145253,-0.0174666885,-0.0156226614,-0.00781134563,0.999847233],"scale":[3,3,3]}
{"name":"BeamNGTrigger_17","class":"BeamNGTrigger","__parent":"SimGroup_","position":[2183.43652,2402.83203,36.1641464],"debug":true,"rotationMatrix":[0.706660807,-0.707552254,0,0.7075091,0.706617832,-0.0110407732,0.00781196449,0.00780207012,0.999938905],"scale":[3,3,3]}
{"name":"BeamNGTrigger_170","class":"BeamNGTrigger","__parent":"SimGroup_","position":[-2637.36987,-1623.05981,50.510006],"debug":true,"rotationMatrix":[-1,0,0,0,-0.999999821,-1.00413963e-05,0,-1.02202102e-05,0.999999821],"scale":[3,3,3]}
{"name":"BeamNGTrigger_171","class":"BeamNGTrigger","__parent":"SimGroup_","position":[-2657.97437,-1660.37207,50.4914818],"debug":true,"rotationMatrix":[-0.999999881,-1.99719943e-05,-9.09494593e-13,1.99713832e-05,-0.999969244,-0.00782236084,1.56227443e-07,-0.00782236084,0.999969244],"scale":[3,3,3]}
{"name":"BeamNGTrigger_172","class":"BeamNGTrigger","__parent":"SimGroup_","position":[-2691.38623,-1626.31274,40.2131348],"debug":true,"rotationMatrix":[-1,0,0,0,-0.999999821,-1.00413963e-05,0,-1.02202102e-05,0.999999821],"scale":[3,3,3]}
{"name":"BeamNGTrigger_173","class":"BeamNGTrigger","__parent":"SimGroup_","position":[-2697.64795,-1690.17261,41.3220825],"debug":true,"rotationMatrix":[-0.316227615,0.948683143,2.98023188e-08,-0.947527111,-0.31584239,-0.049350515,-0.0468179733,-0.0156059517,0.998781323],"scale":[3,3,3]}
{"name":"BeamNGTrigger_174","class":"BeamNGTrigger","__parent":"SimGroup_","position":[-2735.23291,-1633.12024,39.8029099],"debug":true,"rotationMatrix":[5.96046377e-08,-0.999999821,0,0.993203223,-5.21080312e-15,-0.11639113,0.11639107,5.96046341e-08,0.993203223],"scale":[3,3,3]}
{"name":"BeamNGTrigger_175","class":"BeamNGTrigger","__parent":"SimGroup_","position":[-2733.28369,-1699.98352,40.424057],"debug":true,"rotationMatrix":[-1,0,0,0,-0.999999821,-1.00413963e-05,0,-1.02202102e-05,0.999999821],"scale":[3,3,3]}
{"name":"BeamNGTrigger_176","class":"BeamNGTrigger","__parent":"SimGroup_","position":[-2741.44189,-1665.64111,39.6021805],"debug":true,"rotationMatrix":[-0.707551599,-0.706661344,0,0.70661819,-0.707508445,-0.0110550784,0.00781217311,-0.00782209635,0.999938667],"scale":[3,3,3]}
{"name":"BeamNGTrigger_177","class":"BeamNGTrigger","__parent":"SimGroup_","position":[-2690.54834,-1646.97131,40.1455002],"debug":true,"rotationMatrix":[0.70710665,0.70710665,0,-0.697591603,0.697591543,-0.163498163,-0.115610637,0.115610637,0.986543477],"scale":[3,3,3]}
{"name":"BeamNGTrigger_178","class":"BeamNGTrigger","__parent":"SimGroup_","position":[-2764.52441,-1690.70947,38.8911896],"debug":true,"rotationMatrix":[0.447213531,-0.894427061,-2.98023188e-08,0.891034424,0.445517212,-0.0870151669,0.0778286755,0.0389143527,0.99620682],"scale":[3,3,3]}
{"name":"BeamNGTrigger_179","class":"BeamNGTrigger","__parent":"SimGroup_","position":[-2792.65967,-1719.61829,40.5100021],"debug":true,"rotationMatrix":[-1,0,0,0,-0.999999821,-1.00413963e-05,0,-1.02202102e-05,0.999999821],"scale":[3,3,3]}
{"name":"BeamNGTrigger_18","class":"BeamNGTrigger","__parent":"SimGroup_","position":[2187.44141,2401.0625,36.1428146],"debug":true,"rotationMatrix":[-1,0,0,0,-0.999999821,-1.00413963e-05,0,-1.02202102e-05,0.999999821],"scale":[3,3,3]}
{"name":"BeamNGTrigger_180","class":"BeamNGTrigger","__parent":"SimGroup_","position":[-2813.55981,-1676.15833,40.8926086],"debug":true,"rotationMatrix":[0,-0.999999881,0,0.936328948,0,-0.351123422,0.351123393,0,0.936328948],"scale":[3,3,3]}
{"name":"BeamNGTrigger_181","class":"BeamNGTrigger","__parent":"SimGroup_","position":[-2763.45288,-1648.23523,40.6253586],"debug":true,"rotationMatrix":[-0.999999881,-1.99719943e-05,-9.09494593e-13,1.99713832e-05,-0.999969244,-0.00782236084,1.56227443e-07,-0.00782236084,0.999969244],"scale":[3,3,3]}
{"name":"BeamNGTrigger_182","class":"BeamNGTrigger","__parent":"SimGroup_","position":[-2835.15137,-1669.67371,43.3207626],"debug":true,"rotationMatrix":[-0.837610483,-0.546267688,0,0.534115791,-0.818977475,-0.20975183,0.114580669,-0.175690338,0.977754474],"scale":[3,3,3]}
{"name":"BeamNGTrigger_183","class":"BeamNGTrigger","__parent":"SimGroup_","position":[-2843.32397,-1709.10938,41.6040878],"debug":true,"rotationMatrix":[-0.997784972,0.0665189922,0,-0.0660649091,-0.990973651,-0.11664594,-0.00775917107,-0.116387554,0.99317342],"scale":[3,3,3]}
{"name":"BeamNGTrigger_184","class":"BeamNGTrigger","__parent":"SimGroup_","position":[-2881.32349,-1658.77271,44.7832947],"debug":true,"rotationMatrix":[0.948683202,0.316227674,-1.49011594e-08,-0.315362692,0.946088135,-0.0739132315,-0.0233734045,0.0701202825,0.997264445],"scale":[3,3,3]}
{"name":"BeamNGTrigger_185","class":"BeamNGTrigger","__parent":"SimGroup_","position":[-2934.85083,-1643.70667,40.9130173],"debug":true,"rotationMatrix":[0.99388361,-0.110431515,3.72528985e-09,0.110156186,0.991405725,-0.0705689937,0.00779303256,0.0701373369,0.997506738],"scale":[3,3,3]}
{"name":"BeamNGTrigger_186","class":"BeamNGTrigger","__parent":"SimGroup_","position":[-2849.08691,-1642.75159,45.3985596],"debug":true,"rotationMatrix":[0.447213531,0.894427061,0,-0.893201232,0.446600616,-0.0523360521,-0.0468108766,0.0234053489,0.998629391],"scale":[3,3,3]}
{"name":"BeamNGTrigger_187","class":"BeamNGTrigger","__parent":"SimGroup_","position":[-2870.76318,-1682.25964,44.9260254],"debug":true,"rotationMatrix":[-0.799999952,-0.599999845,0,0.599542618,-0.799390197,-0.0390327759,0.023419667,-0.0312262233,0.999237776],"scale":[3,3,3]}
{"name":"BeamNGTrigger_188","class":"BeamNGTrigger","__parent":"SimGroup_","position":[-2910.37012,-1665.88867,43.2206573],"debug":true,"rotationMatrix":[0.0712470263,0.997458577,2.98023188e-08,-0.991515338,0.070822522,-0.109000392,-0.10872335,0.00776595343,0.994041562],"scale":[3,3,3]}
{"name":"BeamNGTrigger_189","class":"BeamNGTrigger","__parent":"SimGroup_","position":[-2885.51099,-1626.19604,43.1778946],"debug":true,"rotationMatrix":[-0.00128006912,0.999999046,-5.96046377e-08,-0.999968469,-0.00127997971,-0.00781234773,-0.00781234773,-1.00136904e-05,0.999969304],"scale":[3,3,3]}
{"name":"BeamNGTrigger_19","class":"BeamNGTrigger","__parent":"SimGroup_","position":[2203.47437,2393.46362,36.1626358],"debug":true,"rotationMatrix":[0.999999881,2.00231825e-05,0,-2.00225732e-05,0.999969423,-0.00780239375,-1.56229262e-07,0.00780239375,0.999969423],"scale":[3,3,3]}
{"name":"BeamNGTrigger_190","class":"BeamNGTrigger","__parent":"SimGroup_","position":[-2917.18042,-1630.57788,41.4508057],"debug":true,"rotationMatrix":[0.707106709,0.70710659,0,-0.704360545,0.704360604,-0.0880451947,-0.0622573122,0.0622574016,0.996116221],"scale":[3,3,3]}
{"name":"BeamNGTrigger_191","class":"BeamNGTrigger","__parent":"SimGroup_","position":[-2892.0459,-1658.00659,43.8604126],"debug":true,"rotationMatrix":[-0.707106471,0.70710665,-2.98023188e-08,-0.706934094,-0.706934035,-0.0220918301,-0.015621244,-0.0156211248,0.99975574],"scale":[3,3,3]}
{"name":"BeamNGTrigger_192","class":"BeamNGTrigger","__parent":"SimGroup_","position":[-2955.49365,-1643.79358,40.232605],"debug":true,"rotationMatrix":[-1,0,0,0,-0.999999821,-1.00413963e-05,0,-1.02202102e-05,0.999999821],"scale":[3,3,3]}
{"name":"BeamNGTrigger_193","class":"BeamNGTrigger","__parent":"SimGroup_","position":[-2976.19531,-1616.97192,39.674057],"debug":true,"rotationMatrix":[-1,0,0,0,-0.999999821,-1.00413963e-05,0,-1.02202102e-05,0.999999821],"scale":[3,3,3]}
{"name":"BeamNGTrigger_194","class":"BeamNGTrigger","__parent":"SimGroup_","position":[-2948.70923,-1608.1449,40.4642944],"debug":true,"rotationMatrix":[-1,0,0,0,-0.99987781,-0.0156231178,0,-0.0156232966,0.99987781],"scale":[3,3,3]}
{"name":"BeamNGTrigger_195","class":"BeamNGTrigger","__parent":"SimGroup_","position":[-2935.18506,-1623.26868,40.7067719],"debug":true,"rotationMatrix":[-0.00128006912,-0.999999046,5.96046377e-08,0.999968469,-0.00127997971,-0.00781234773,0.00781234773,-1.00136904e-05,0.999969304],"scale":[3,3,3]}
{"name":"BeamNGTrigger_196","class":"BeamNGTrigger","__parent":"SimGroup_","position":[-2968.76099,-1632.56543,40.1253204],"debug":true,"rotationMatrix":[-0.00128006912,-0.999999046,5.96046377e-08,0.999968469,-0.00127997971,-0.00781234773,0.00781234773,-1.00136904e-05,0.999969304],"scale":[3,3,3]}
{"name":"BeamNGTrigger_197","class":"BeamNGTrigger","__parent":"SimGroup_","position":[-2988.23511,-1638.23193,40.5099792],"debug":true,"rotationMatrix":[-1,0,0,0,-0.999999821,-1.00413963e-05,0,-1.02202102e-05,0.999999821],"scale":[3,3,3]}
{"name":"BeamNGTrigger_198","class":"BeamNGTrigger","__parent":"SimGroup_","position":[-3015.90918,-1628.85791,40.5100098],"debug":true,"rotationMatrix":[-1,0,0,0,-0.999999821,-1.00413963e-05,0,-1.02202102e-05,0.999999821],"scale":[3,3,3]}
{"name":"BeamNGTrigger_199","class":"BeamNGTrigger","__parent":"SimGroup_","position":[-3038.05176,-1625.74585,40.510025],"debug":true,"rotationMatrix":[-1,0,0,0,-0.999999821,-1.00413963e-05,0,-1.02202102e-05,0.999999821],"scale":[3,3,3]}
{"name":"BeamNGTrigger_2","class":"BeamNGTrigger","__parent":"SimGroup_","position":[3119.01636,-16.8323746,50.1193733],"debug":true,"rotationMatrix":[-1,0,0,0,-0.999999821,-1.00413963e-05,0,-1.02202102e-05,0.999999821],"scale":[3,3,3]}
{"name":"BeamNGTrigger_20","class":"BeamNGTrigger","__parent":"SimGroup_","position":[2207.35449,2391.52026,36.1778183],"debug":true,"rotationMatrix":[0.999999881,2.00231825e-05,0,-2.00225732e-05,0.999969423,-0.00780239375,-1.56229262e-07,0.00780239375,0.999969423],"scale":[3,3,3]}
{"name":"BeamNGTrigger_200","class":"BeamNGTrigger","__parent":"SimGroup_","position":[-3053.33447,-1592.10059,39.3224945],"debug":true,"rotationMatrix":[-1,0,0,0,-0.999999821,-1.00413963e-05,0,-1.02202102e-05,0.999999821],"scale":[3,3,3]}
{"name":"BeamNGTrigger_201","class":"BeamNGTrigger","__parent":"SimGroup_","position":[-3080.76392,-1596.94446,40.286026],"debug":true,"rotationMatrix":[0.999999881,0,0,0,0.973616123,-0.228191361,0,0.228191361,0.973616123],"scale":[3,3,3]}
{"name":"BeamNGTrigger_202","class":"BeamNGTrigger","__parent":"SimGroup_","position":[-3097.19067,-1586.27124,40.510025],"debug":true,"rotationMatrix":[-1,0,0,0,-0.999999821,-1.00413963e-05,0,-1.02202102e-05,0.999999821],"scale":[3,3,3]}
{"name":"BeamNGTrigger_203","class":"BeamNGTrigger","__parent":"SimGroup_","position":[-3109.4292,-1576.52039,40.5100098],"debug":true,"rotationMatrix":[-1,0,0,0,-0.999999821,-1.00413963e-05,0,-1.02202102e-05,0.999999821],"scale":[3,3,3]}
{"name":"BeamNGTrigger_204","class":"BeamNGTrigger","__parent":"SimGroup_","position":[-3092.0498,-1564.00867,40.5100098],"debug":true,"rotationMatrix":[-1,0,0,0,-0.999999821,-1.00413963e-05,0,-1.02202102e-05,0.999999821],"scale":[3,3,3]}
{"name":"BeamNGTrigger_205","class":"BeamNGTrigger","__parent":"SimGroup_","position":[-3073.50952,-1578.87195,39.7138824],"debug":true,"rotationMatrix":[-0.999999881,0,0,0,-0.996961951,-0.0778877288,0,-0.0778877288,0.996961951],"scale":[3,3,3]}
{"name":"BeamNGTrigger_206","class":"BeamNGTrigger","__parent":"SimGroup_","position":[-3091.948,-1575.23389,40.1741028],"debug":true,"rotationMatrix":[-1,0,0,0,-0.999999821,-1.00413963e-05,0,-1.02202102e-05,0.999999821],"scale":[3,3,3]}
{"name":"BeamNGTrigger_207","class":"BeamNGTrigger","__parent":"SimGroup_","position":[-3050.12769,-1582.4491,39.5580597],"debug":true,"rotationMatrix":[-0.970142484,-0.242535606,-7.45057971e-09,0.24240987,-0.96963948,-0.0321951099,0.00780848181,-0.0312339868,0.999481499],"scale":[3,3,3]}
{"name":"BeamNGTrigger_208","class":"BeamNGTrigger","__parent":"SimGroup_","position":[-3033.54272,-1592.72534,39.541275],"debug":true,"rotationMatrix":[-1,0,0,0,-0.999999821,-1.00413963e-05,0,-1.02202102e-05,0.999999821],"scale":[3,3,3]}
{"name":"BeamNGTrigger_209","class":"BeamNGTrigger","__parent":"SimGroup_","position":[-3008.45703,-1594.32251,40.2010345],"debug":true,"rotationMatrix":[-0.0995037407,0.995037079,5.96046377e-08,-0.991984129,-0.0991984382,-0.0782738477,-0.0778853744,-0.00778854638,0.996931732],"scale":[3,3,3]}
{"name":"BeamNGTrigger_21","class":"BeamNGTrigger","__parent":"SimGroup_","position":[1466.15845,1640.95679,29.8537483],"debug":true,"rotationMatrix":[-1,0,0,0,-0.999999821,-1.00413963e-05,0,-1.02202102e-05,0.999999821],"scale":[3,3,3]}
{"name":"BeamNGTrigger_210","class":"BeamNGTrigger","__parent":"SimGroup_","position":[-2993.58594,-1614.92371,39.8125458],"debug":true,"rotationMatrix":[0,-0.999999881,0,0.988011837,0,-0.154376864,0.154376835,0,0.988011837],"scale":[3,3,3]}
{"name":"BeamNGTrigger_211","class":"BeamNGTrigger","__parent":"SimGroup_","position":[-3024.65503,-1612.67188,40.1490021],"debug":true,"rotationMatrix":[0,-0.999999881,0,0.981455266,0,-0.191690609,0.191690668,0,0.981455266],"scale":[3,3,3]}
{"name":"BeamNGTrigger_212","class":"BeamNGTrigger","__parent":"SimGroup_","position":[-3058.12354,-1614.70947,40.5100098],"debug":true,"rotationMatrix":[-1,0,0,0,-0.999999821,-1.00413963e-05,0,-1.02202102e-05,0.999999821],"scale":[3,3,3]}
{"name":"BeamNGTrigger_213","class":"BeamNGTrigger","__parent":"SimGroup_","position":[-3071.5061,-1605.83667,40.5100098],"debug":true,"rotationMatrix":[-1,0,0,0,-0.999999821,-1.00413963e-05,0,-1.02202102e-05,0.999999821],"scale":[3,3,3]}
{"name":"BeamNGTrigger_214","class":"BeamNGTrigger","__parent":"SimGroup_","position":[-3063.78345,-1598.21887,39.9167633],"debug":true,"rotationMatrix":[0,0.999999881,0,-0.994071543,0,-0.108726628,-0.108726658,0,0.994071543],"scale":[3,3,3]}
{"name":"BeamNGTrigger_215","class":"BeamNGTrigger","__parent":"SimGroup_","position":[-2985.98315,-1603.07202,40.212532],"debug":true,"rotationMatrix":[-0.928476453,-0.371390581,-1.49011594e-08,0.36343652,-0.90859127,-0.205852851,0.0764517933,-0.191129476,0.97858274],"scale":[3,3,3]}
{"name":"BeamNGTrigger_216","class":"BeamNGTrigger","__parent":"SimGroup_","position":[-2908.69727,-1620.53259,41.8977509],"debug":true,"rotationMatrix":[-0.813733459,0.581238031,0,-0.579929888,-0.811901867,-0.0670544654,-0.0389746577,-0.0545645356,0.99774915],"scale":[3,3,3]}
{"name":"BeamNGTrigger_217","class":"BeamNGTrigger","__parent":"SimGroup_","position":[-2912.16895,-1651.07007,43.2247849],"debug":true,"rotationMatrix":[-0.529998779,0.847998142,2.98023188e-08,-0.845704257,-0.528565168,-0.0735037476,-0.0623310246,-0.0389569178,0.997294724],"scale":[3,3,3]}
{"name":"BeamNGTrigger_218","class":"BeamNGTrigger","__parent":"SimGroup_","position":[-2818.17627,-1646.46802,44.9271011],"debug":true,"rotationMatrix":[-0.88235271,-0.470588148,2.98023188e-08,0.466491848,-0.874672294,-0.131656408,0.0619559586,-0.116167359,0.991295218],"scale":[3,3,3]}
{"name":"BeamNGTrigger_219","class":"BeamNGTrigger","__parent":"SimGroup_","position":[-2824.04297,-1697.66748,40.970356],"debug":true,"rotationMatrix":[-0.2045376,-0.97885859,-5.96046377e-08,0.863192976,-0.180368736,-0.471555531,0.461586237,-0.0964509174,0.881836176],"scale":[3,3,3]}
{"name":"BeamNGTrigger_22","class":"BeamNGTrigger","__parent":"SimGroup_","position":[1468.35889,1636.76208,29.8693771],"debug":true,"rotationMatrix":[-1,0,0,0,-0.999999821,-1.00413963e-05,0,-1.02202102e-05,0.999999821],"scale":[3,3,3]}
{"name":"BeamNGTrigger_220","class":"BeamNGTrigger","__parent":"SimGroup_","position":[-2780.84961,-1668.03162,39.2301636],"debug":true,"rotationMatrix":[-0.707551599,-0.706661344,0,0.70661819,-0.707508445,-0.0110550784,0.00781217311,-0.00782209635,0.999938667],"scale":[3,3,3]}
{"name":"BeamNGTrigger_221","class":"BeamNGTrigger","__parent":"SimGroup_","position":[-2207.86499,-1747.26233,40.9767799],"debug":true,"rotationMatrix":[-0.707106471,0.70710665,-2.98023188e-08,-0.706934094,-0.706934035,-0.0220918301,-0.015621244,-0.0156211248,0.99975574],"scale":[3,3,3]}
{"name":"BeamNGTrigger_222","class":"BeamNGTrigger","__parent":"SimGroup_","position":[-1672.25659,-2091.66992,41.3289604],"debug":true,"rotationMatrix":[0.70710665,0.70710665,2.98023188e-08,-0.706934094,0.706934035,-0.0220918301,-0.015621244,0.0156213036,0.99975574],"scale":[3,3,3]}
{"name":"BeamNGTrigger_223","class":"BeamNGTrigger","__parent":"SimGroup_","position":[-1673.54944,-2095.604,41.3537521],"debug":true,"rotationMatrix":[0.70710665,0.70710665,2.98023188e-08,-0.706934094,0.706934035,-0.0220918301,-0.015621244,0.0156213036,0.99975574],"scale":[3,3,3]}
{"name":"BeamNGTrigger_224","class":"BeamNGTrigger","__parent":"SimGroup_","position":[-956.302246,-2307.34961,51.6967545],"debug":true,"rotationMatrix":[-0.707106471,-0.70710665,2.98023188e-08,0.706934094,-0.706934035,-0.0220918301,0.015621244,-0.0156211248,0.99975574],"scale":[3,3,3]}
{"name":"BeamNGTrigger_225","class":"BeamNGTrigger","__parent":"SimGroup_","position":[-958.70105,-2310.62939,51.6829948],"debug":true,"rotationMatrix":[-0.707106471,-0.70710665,2.98023188e-08,0.706934094,-0.706934035,-0.0220918301,0.015621244,-0.0156211248,0.99975574],"scale":[3,3,3]}
{"name":"BeamNGTrigger_226","class":"BeamNGTrigger","__parent":"SimGroup_","position":[-785.221252,-2746.10791,55.0377884],"debug":true,"rotationMatrix":[0,0.999999881,0,-0.999877751,0,-0.0156231774,-0.0156231774,0,0.999877751],"scale":[3,3,3]}
{"name":"BeamNGTrigger_227","class":"BeamNGTrigger","__parent":"SimGroup_","position":[-787.31604,-2749.69434,55.0315361],"debug":true,"rotationMatrix":[0.70710665,0.70710665,2.98023188e-08,-0.706934094,0.706934035,-0.0220918301,-0.015621244,0.0156213036,0.99975574],"scale":[3,3,3]}
{"name":"BeamNGTrigger_228","class":"BeamNGTrigger","__parent":"SimGroup_","position":[-434.616058,-2877.9104,68.9598923],"debug":true,"rotationMatrix":[0.599999905,0.799999833,-2.98023188e-08,-0.797569454,0.598177195,-0.077887848,-0.0623102188,0.0467327088,0.996961892],"scale":[3,3,3]}
{"name":"BeamNGTrigger_229","class":"BeamNGTrigger","__parent":"SimGroup_","position":[-437.500122,-2881.01685,68.9638977],"debug":true,"rotationMatrix":[0.599999905,0.799999833,-2.98023188e-08,-0.797569454,0.598177195,-0.077887848,-0.0623102188,0.0467327088,0.996961892],"scale":[3,3,3]}
{"name":"BeamNGTrigger_23","class":"BeamNGTrigger","__parent":"SimGroup_","position":[1473.36621,1628.37061,29.8693714],"debug":true,"rotationMatrix":[-1,0,0,0,-0.999999821,-1.00413963e-05,0,-1.02202102e-05,0.999999821],"scale":[3,3,3]}
{"name":"BeamNGTrigger_230","class":"BeamNGTrigger","__parent":"SimGroup_","position":[8.05065918,-3023.71704,91.7131271],"debug":true,"rotationMatrix":[-1,0,0,0,-0.999999821,-1.00413963e-05,0,-1.02202102e-05,0.999999821],"scale":[3,3,3]}
{"name":"BeamNGTrigger_231","class":"BeamNGTrigger","__parent":"SimGroup_","position":[7.91995239,-3028.06982,91.7285919],"debug":true,"rotationMatrix":[0.70710665,0.70710665,2.98023188e-08,-0.706934094,0.706934035,-0.0220918301,-0.015621244,0.0156213036,0.99975574],"scale":[3,3,3]}
{"name":"BeamNGTrigger_232","class":"BeamNGTrigger","__parent":"SimGroup_","position":[356.862946,-3250.96533,90.1506271],"debug":true,"rotationMatrix":[-1,0,0,0,-0.999999821,-1.00413963e-05,0,-1.02202102e-05,0.999999821],"scale":[3,3,3]}
