{"name":"BeamNGTrigger_1","class":"BeamNGTrigger","__parent":"SimGroup_","position":[-700.524963,-901.65271,135.224136],"debug":true,"rotationMatrix":[-0.970844269,-0.239709795,-7.45057971e-09,0.239660844,-0.970646143,-0.0202060584,0.00484357541,-0.019616805,0.999795556]}
{"name":"BeamNGTrigger_10","class":"BeamNGTrigger","__parent":"SimGroup_","position":[380.946289,-909.177002,136.944519],"debug":true,"rotationMatrix":[0.978549659,0.206010461,7.45057971e-09,-0.205649719,0.976836264,-0.0591507703,-0.0121856853,0.0578819662,0.998248875]}
{"name":"BeamNGTrigger_100","class":"BeamNGTrigger","__parent":"SimGroup_","position":[267.655182,-618.031006,126.060417],"debug":true,"rotationMatrix":[0.983869791,0.1788854,0,-0.178781375,0.983297467,-0.0340999551,-0.00609997613,0.0335499234,0.999418139]}
{"name":"BeamNGTrigger_101","class":"BeamNGTrigger","__parent":"SimGroup_","position":[-14.6238956,-700.006348,129.800919],"debug":true,"rotationMatrix":[-0.613940358,0.789352119,0,-0.788874626,-0.61356914,-0.0347745009,-0.0274492539,-0.0213493612,0.999394953]}
{"name":"BeamNGTrigger_102","class":"BeamNGTrigger","__parent":"SimGroup_","position":[-286.501221,-601.004517,125.686035],"debug":true,"rotationMatrix":[-0.832050204,-0.554700077,0,0.554398119,-0.831597209,-0.0329919644,0.0183006376,-0.0274509862,0.999455452]}
{"name":"BeamNGTrigger_103","class":"BeamNGTrigger","__parent":"SimGroup_","position":[-363.961975,-489.685822,131.64003],"debug":true,"rotationMatrix":[-0.242535561,-0.970142365,-2.98023188e-08,0.967389405,-0.241847351,-0.0752821714,0.073034443,-0.0182585884,0.997162163]}
{"name":"BeamNGTrigger_104","class":"BeamNGTrigger","__parent":"SimGroup_","position":[570.712341,141.32309,134.852417],"debug":true,"rotationMatrix":[-0.49613899,-0.868242979,2.98023188e-08,0.867193639,-0.495539308,-0.0491486341,0.042673029,-0.0243845358,0.998791277]}
{"name":"BeamNGTrigger_105","class":"BeamNGTrigger","__parent":"SimGroup_","position":[539.231018,157.442657,143.31221],"debug":true,"rotationMatrix":[0.924677968,-0.380749762,0,0.378375024,0.918910801,-0.111511953,0.0424581729,0.103112698,0.99376291]}
{"name":"BeamNGTrigger_106","class":"BeamNGTrigger","__parent":"SimGroup_","position":[584.010681,-98.6331787,130.708755],"debug":true,"rotationMatrix":[0.514495611,0.857492805,-2.98023188e-08,-0.855328739,0.513197243,-0.0709990412,-0.0608811714,0.0365287438,0.99747622]}
{"name":"BeamNGTrigger_107","class":"BeamNGTrigger","__parent":"SimGroup_","position":[536.565674,-307.752228,128.45665],"debug":true,"rotationMatrix":[-0.948683143,0.316227674,-1.49011594e-08,-0.316168785,-0.948506355,-0.0192975048,-0.00610239431,-0.0183071699,0.999813557]}
{"name":"BeamNGTrigger_108","class":"BeamNGTrigger","__parent":"SimGroup_","position":[676.514648,-327.02356,125.513153],"debug":true,"rotationMatrix":[-0.443201005,-0.896422088,0,0.896342456,-0.443161696,-0.0133216036,0.0119418064,-0.00590411574,0.99991107]}
{"name":"BeamNGTrigger_109","class":"BeamNGTrigger","__parent":"SimGroup_","position":[831.927979,-338.058075,137.547028],"debug":true,"rotationMatrix":[-0.930751324,0.365652323,0,-0.36412105,-0.926853478,-0.0914222747,-0.0334287547,-0.0850914195,0.995811999]}
{"name":"BeamNGTrigger_11","class":"BeamNGTrigger","__parent":"SimGroup_","position":[383.592346,-928.577942,138.129181],"debug":true,"rotationMatrix":[0.994505346,0.10468477,3.72528985e-09,-0.10450729,0.992819309,-0.0582049042,-0.00609317468,0.0578851253,0.998304486]}
{"name":"BeamNGTrigger_110","class":"BeamNGTrigger","__parent":"SimGroup_","position":[722.977356,-381.280426,126.635674],"debug":true,"rotationMatrix":[-0.910366416,0.413802892,0,-0.412682116,-0.907900691,-0.0735493451,-0.0304349363,-0.0669568256,0.997291446]}
{"name":"BeamNGTrigger_111","class":"BeamNGTrigger","__parent":"SimGroup_","position":[733.566284,-567.372803,126.641617],"debug":true,"rotationMatrix":[0.988011897,-0.154376835,0,0.15362823,0.983220637,-0.0983619764,0.0151848076,0.0971828178,0.995150506]}
{"name":"BeamNGTrigger_112","class":"BeamNGTrigger","__parent":"SimGroup_","position":[555.900269,-709.455627,122.649323],"debug":true,"rotationMatrix":[0.255492389,0.966810942,0,-0.966767967,0.255481094,-0.00942274556,-0.0091100568,0.00240745349,0.999955475]}
{"name":"BeamNGTrigger_113","class":"BeamNGTrigger","__parent":"SimGroup_","position":[494.642029,-750.118408,136.449844],"debug":true,"rotationMatrix":[0.983060181,0.183282375,7.45057971e-09,-0.180283397,0.966974735,-0.18015945,-0.0330200568,0.177107632,0.983637214]}
{"name":"BeamNGTrigger_114","class":"BeamNGTrigger","__parent":"SimGroup_","position":[290.687439,-830.509399,133.623871],"debug":true,"rotationMatrix":[0.707106709,-0.70710665,-2.98023188e-08,0.706311107,0.706311166,-0.0474208146,0.0335316025,0.0335316025,0.998874784]}
{"name":"BeamNGTrigger_115","class":"BeamNGTrigger","__parent":"SimGroup_","position":[179.419708,-871.590454,115.471977],"debug":true,"rotationMatrix":[-0.682318091,0.73105514,-5.96046377e-08,-0.729626179,-0.680984378,-0.0624944717,-0.0456869565,-0.0426410958,0.998045146]}
{"name":"BeamNGTrigger_116","class":"BeamNGTrigger","__parent":"SimGroup_","position":[-4.65582848,-853.454163,113.8853],"debug":true,"rotationMatrix":[0.979260325,-0.202605575,0,0.201783195,0.97528547,-0.0900085121,0.0182362404,0.0881417468,0.995940864]}
{"name":"BeamNGTrigger_117","class":"BeamNGTrigger","__parent":"SimGroup_","position":[-115.086288,-789.388,114.058792],"debug":true,"rotationMatrix":[0.493605435,0.869685769,0,-0.862447023,0.489496946,-0.128753722,-0.111975275,0.0635534823,0.99167639]}
{"name":"BeamNGTrigger_118","class":"BeamNGTrigger","__parent":"SimGroup_","position":[-240.168091,-832.785583,131.256439],"debug":true,"rotationMatrix":[-0.540757537,-0.841178298,0,0.840095341,-0.540061355,-0.050726071,0.0426696911,-0.0274305753,0.99871248]}
{"name":"BeamNGTrigger_119","class":"BeamNGTrigger","__parent":"SimGroup_","position":[-101.85672,-737.903992,111.620934],"debug":true,"rotationMatrix":[0.528273582,0.849074006,-2.98023188e-08,-0.849053562,0.528260887,-0.00693282159,-0.00588647835,0.0036623932,0.999975801]}
{"name":"BeamNGTrigger_12","class":"BeamNGTrigger","__parent":"SimGroup_","position":[383.920349,-932.619263,138.372971],"debug":true,"rotationMatrix":[0.995037079,0.0995037109,-3.72528985e-09,-0.0993170366,0.993170321,-0.0612245947,-0.00609206781,0.0609207302,0.998123825]}
{"name":"BeamNGTrigger_120","class":"BeamNGTrigger","__parent":"SimGroup_","position":[-340.969604,-713.236816,107.26004],"debug":true,"rotationMatrix":[0.70710665,0.707106709,0,-0.706685603,0.706685662,-0.0345061608,-0.024399545,0.0243995152,0.999404371]}
{"name":"BeamNGTrigger_121","class":"BeamNGTrigger","__parent":"SimGroup_","position":[-498.414978,-760.735535,103.019928],"debug":true,"rotationMatrix":[0.36588496,0.93065989,2.98023188e-08,-0.930626929,0.365871996,-0.00841632113,-0.00783275533,0.00307938596,0.999964416]}
{"name":"BeamNGTrigger_122","class":"BeamNGTrigger","__parent":"SimGroup_","position":[-684.429565,-862.900146,102.601021],"debug":true,"rotationMatrix":[0.998868048,0.0475651436,0,-0.0474675409,0.996818423,-0.0640278608,-0.00304549537,0.0639553815,0.997947931]}
{"name":"BeamNGTrigger_123","class":"BeamNGTrigger","__parent":"SimGroup_","position":[-909.222717,-821.166443,103.962059],"debug":true,"rotationMatrix":[-0.51449573,-0.857492805,-2.98023188e-08,0.855328739,-0.513197243,-0.0709990412,0.0608811714,-0.0365287438,0.99747622]}
{"name":"BeamNGTrigger_124","class":"BeamNGTrigger","__parent":"SimGroup_","position":[-852.895996,-883.737488,127.909401],"debug":true,"rotationMatrix":[0.392098427,0.919923186,-2.98023188e-08,-0.901646912,0.384308547,-0.198341474,-0.182458952,0.077769421,0.980132818]}
{"name":"BeamNGTrigger_125","class":"BeamNGTrigger","__parent":"SimGroup_","position":[-449.027802,-644.238892,117.914017],"debug":true,"rotationMatrix":[-0.843661427,-0.536875367,0,0.53309077,-0.837714016,-0.118528791,0.0636351854,-0.0999981686,0.992950499]}
{"name":"BeamNGTrigger_126","class":"BeamNGTrigger","__parent":"SimGroup_","position":[-343.281555,-550.860413,129.678223],"debug":true,"rotationMatrix":[-0.843661189,0.536875308,0,-0.536450803,-0.842994213,-0.0397587605,-0.0213454794,-0.0335428193,0.999209046]}
{"name":"BeamNGTrigger_127","class":"BeamNGTrigger","__parent":"SimGroup_","position":[-328.314392,-531.11145,130.383072],"debug":true,"rotationMatrix":[-1,0,0,0,-0.999999821,-1.00413963e-05,0,-1.02202102e-05,0.999999821]}
{"name":"BeamNGTrigger_128","class":"BeamNGTrigger","__parent":"SimGroup_","position":[-320.224091,-531.904663,130.383072],"debug":true,"rotationMatrix":[-1,0,0,0,-0.999999821,-1.00413963e-05,0,-1.02202102e-05,0.999999821]}
{"name":"BeamNGTrigger_129","class":"BeamNGTrigger","__parent":"SimGroup_","position":[-68.2163467,-597.071655,135.052429],"debug":true,"rotationMatrix":[0.0643822402,0.997925162,2.98023188e-08,-0.993470848,0.0640948862,-0.0943781212,-0.0941822901,0.00607622089,0.995536268]}
{"name":"BeamNGTrigger_13","class":"BeamNGTrigger","__parent":"SimGroup_","position":[879.978699,-605.665771,147.921234],"debug":true,"rotationMatrix":[-1,0,0,0,-0.999999821,-1.00413963e-05,0,-1.02202102e-05,0.999999821]}
{"name":"BeamNGTrigger_130","class":"BeamNGTrigger","__parent":"SimGroup_","position":[-298.19043,-425.104523,133.733017],"debug":true,"rotationMatrix":[-0.851658225,-0.524097323,-2.98023188e-08,0.523529649,-0.850735605,-0.0465327092,0.0243876688,-0.0396300033,0.998916566]}
{"name":"BeamNGTrigger_131","class":"BeamNGTrigger","__parent":"SimGroup_","position":[-32.3154373,-217.144135,138.424408],"debug":true,"rotationMatrix":[-0.970142245,-0.242535591,7.45057971e-09,0.242362961,-0.969451845,-0.0377213545,0.00914876629,-0.0365950651,0.999288142]}
{"name":"BeamNGTrigger_132","class":"BeamNGTrigger","__parent":"SimGroup_","position":[121.489876,-189.491699,138.78566],"debug":true,"rotationMatrix":[-0.609710693,0.792623818,2.98023188e-08,-0.791632831,-0.60894835,-0.0499900728,-0.0396233238,-0.0304794796,0.998749554]}
{"name":"BeamNGTrigger_133","class":"BeamNGTrigger","__parent":"SimGroup_","position":[81.9963303,-97.7342606,146.839325],"debug":true,"rotationMatrix":[-0.874157071,0.48564285,1.49011594e-08,-0.484686822,-0.872436225,-0.0627159625,-0.0304575339,-0.0548234619,0.998031199]}
{"name":"BeamNGTrigger_134","class":"BeamNGTrigger","__parent":"SimGroup_","position":[489.653015,210.692261,160.930634],"debug":true,"rotationMatrix":[-0.953211427,-0.302304178,0,0.201284915,-0.634682238,-0.74609822,0.22554864,-0.711189449,0.665835679]}
{"name":"BeamNGTrigger_135","class":"BeamNGTrigger","__parent":"SimGroup_","position":[475.864349,248.691406,172.4702],"debug":true,"rotationMatrix":[0.940639794,0.339406073,0,-0.323752761,0.897257686,-0.30018732,-0.101885408,0.282368213,0.953880072]}
{"name":"BeamNGTrigger_136","class":"BeamNGTrigger","__parent":"SimGroup_","position":[534.301758,18.9993439,142.191208],"debug":true,"rotationMatrix":[0.984783411,-0.173785299,0,0.173544645,0.983419657,-0.0526086241,0.00914260559,0.0518081337,0.998615026]}
{"name":"BeamNGTrigger_137","class":"BeamNGTrigger","__parent":"SimGroup_","position":[451.347992,-195.468674,129.08075],"debug":true,"rotationMatrix":[0.894140601,-0.447786033,0,0.447775602,0.894119799,-0.00681480439,0.00305158761,0.00609334046,0.999976575]}
{"name":"BeamNGTrigger_138","class":"BeamNGTrigger","__parent":"SimGroup_","position":[337.304596,173.95578,148.854324],"debug":true,"rotationMatrix":[-0.912509084,-0.409055829,-1.49011594e-08,0.407145411,-0.908247471,-0.0965334848,0.0394875854,-0.0880876258,0.995329499]}
{"name":"BeamNGTrigger_139","class":"BeamNGTrigger","__parent":"SimGroup_","position":[282.422943,48.1885681,147.720734],"debug":true,"rotationMatrix":[0.424433768,0.905458808,2.98023188e-08,-0.900237978,0.42198655,-0.107230969,-0.0970932543,0.045512408,0.994233966]}
{"name":"BeamNGTrigger_14","class":"BeamNGTrigger","__parent":"SimGroup_","position":[881.899353,-609.655762,147.921234],"debug":true,"rotationMatrix":[-1,0,0,0,-0.999999821,-1.00413963e-05,0,-1.02202102e-05,0.999999821]}
{"name":"BeamNGTrigger_140","class":"BeamNGTrigger","__parent":"SimGroup_","position":[163.678406,-111.111687,148.261398],"debug":true,"rotationMatrix":[0.931242645,-0.364399314,0,0.363368601,0.928608596,-0.0751597434,0.0273881666,0.0699919537,0.997171342]}
{"name":"BeamNGTrigger_141","class":"BeamNGTrigger","__parent":"SimGroup_","position":[-31.3813992,-106.177246,148.487015],"debug":true,"rotationMatrix":[0.42935878,-0.903133869,2.98023188e-08,0.884538591,0.420518398,-0.201879665,0.182324365,0.0866788849,0.979410112]}
{"name":"BeamNGTrigger_142","class":"BeamNGTrigger","__parent":"SimGroup_","position":[101.665436,0.972412109,171.595398],"debug":true,"rotationMatrix":[-0.832050085,-0.554700017,-2.98023188e-08,0.554565787,-0.831848681,-0.0220014099,0.0122041563,-0.018306205,0.999757707]}
{"name":"BeamNGTrigger_143","class":"BeamNGTrigger","__parent":"SimGroup_","position":[131.913406,6.84191895,171.40451],"debug":true,"rotationMatrix":[-1,0,0,0,-0.999999821,-1.00413963e-05,0,-1.02202102e-05,0.999999821]}
{"name":"BeamNGTrigger_144","class":"BeamNGTrigger","__parent":"SimGroup_","position":[172.619644,345.906891,200.88237],"debug":true,"rotationMatrix":[-0.997054458,-0.0766964853,0,0.076155819,-0.990025699,-0.118528731,0.00909073744,-0.118179627,0.992950499]}
{"name":"BeamNGTrigger_145","class":"BeamNGTrigger","__parent":"SimGroup_","position":[-49.5324173,457.949036,217.409317],"debug":true,"rotationMatrix":[0.211332768,-0.977414012,2.98023188e-08,0.970956385,0.209936574,-0.114761002,0.112169057,0.0242527854,0.993393004]}
{"name":"BeamNGTrigger_146","class":"BeamNGTrigger","__parent":"SimGroup_","position":[-159.536697,520.127075,242.415482],"debug":true,"rotationMatrix":[-0.857492805,-0.514495611,0,0.514414191,-0.857356966,-0.0177919511,0.00915385596,-0.0152564766,0.999841511]}
{"name":"BeamNGTrigger_147","class":"BeamNGTrigger","__parent":"SimGroup_","position":[-191.722839,294.102203,242.128525],"debug":true,"rotationMatrix":[-0.794951081,-0.606673181,0,0.600319207,-0.786625087,-0.144351363,0.087574102,-0.114752218,0.989526331]}
{"name":"BeamNGTrigger_148","class":"BeamNGTrigger","__parent":"SimGroup_","position":[-393.764709,394.453979,265.441742],"debug":true,"rotationMatrix":[0.925546825,0.378632784,1.49011594e-08,-0.377640516,0.923121274,-0.0723493844,-0.0273938756,0.0669627264,0.997379243]}
{"name":"BeamNGTrigger_149","class":"BeamNGTrigger","__parent":"SimGroup_","position":[-510.492798,407.936462,261.045959],"debug":true,"rotationMatrix":[0.549177766,-0.83570534,2.98023188e-08,0.828962028,0.544746459,-0.126778841,0.105949752,0.0696242154,0.991930842]}
{"name":"BeamNGTrigger_15","class":"BeamNGTrigger","__parent":"SimGroup_","position":[887.638855,-619.092896,147.921234],"debug":true,"rotationMatrix":[-1,0,0,0,-0.999999821,-1.00413963e-05,0,-1.02202102e-05,0.999999821]}
{"name":"BeamNGTrigger_150","class":"BeamNGTrigger","__parent":"SimGroup_","position":[-584.900574,560.680847,259.671356],"debug":true,"rotationMatrix":[-0.987762809,-0.155962557,0,0.154898673,-0.981024921,-0.116602667,0.0181856472,-0.115175791,0.993178427]}
{"name":"BeamNGTrigger_151","class":"BeamNGTrigger","__parent":"SimGroup_","position":[-779.990234,511.913269,254.330124],"debug":true,"rotationMatrix":[-0.990830064,-0.135113165,-7.45057971e-09,0.13480404,-0.98856318,-0.0676050335,0.00913433265,-0.0669852048,0.997712016]}
{"name":"BeamNGTrigger_152","class":"BeamNGTrigger","__parent":"SimGroup_","position":[-793.594727,348.032715,253.784729],"debug":true,"rotationMatrix":[-0.960564375,0.278058022,0,-0.276053548,-0.953639567,-0.119857438,-0.0333273485,-0.115130961,0.992790997]}
{"name":"BeamNGTrigger_153","class":"BeamNGTrigger","__parent":"SimGroup_","position":[-816.627075,505.380371,240.874603],"debug":true,"rotationMatrix":[-0.127971381,-0.991777778,0,0.987296164,-0.127393037,-0.0949577764,0.0941769853,-0.0121519649,0.995481133]}
{"name":"BeamNGTrigger_154","class":"BeamNGTrigger","__parent":"SimGroup_","position":[-579.607117,578.361023,238.265823],"debug":true,"rotationMatrix":[0.983869791,-0.1788854,0,0.178781375,0.983297467,-0.0340999551,0.00609997613,0.0335499234,0.999418139]}
{"name":"BeamNGTrigger_155","class":"BeamNGTrigger","__parent":"SimGroup_","position":[-241.758667,683.252258,204.801437],"debug":true,"rotationMatrix":[0.955778897,-0.294085801,1.49011594e-08,0.293077588,0.952502251,-0.0827323347,0.0243303832,0.0790738538,0.99657166]}
{"name":"BeamNGTrigger_156","class":"BeamNGTrigger","__parent":"SimGroup_","position":[-42.7921524,588.395508,197.369415],"debug":true,"rotationMatrix":[-0.934997439,-0.354654193,-1.49011594e-08,0.353076041,-0.930836856,-0.0942326263,0.033419989,-0.0881072953,0.995550096]}
{"name":"BeamNGTrigger_157","class":"BeamNGTrigger","__parent":"SimGroup_","position":[117.093788,431.862366,180.862244],"debug":true,"rotationMatrix":[0.0813619941,-0.996684551,2.98023188e-08,0.985652626,0.0804614872,-0.148372948,0.147881091,0.0120718526,0.988931358]}
{"name":"BeamNGTrigger_158","class":"BeamNGTrigger","__parent":"SimGroup_","position":[-49.3216934,539.55188,195.604065],"debug":true,"rotationMatrix":[-0.00327682449,-0.999994516,0,0.999989808,-0.00327682425,-0.00305184443,0.00305184443,-1.0013865e-05,0.999995172]}
{"name":"BeamNGTrigger_159","class":"BeamNGTrigger","__parent":"SimGroup_","position":[188.948883,540.561401,176.890366],"debug":true,"rotationMatrix":[-0.907959342,-0.419058114,0,0.418658614,-0.907093644,-0.0436529703,0.018293146,-0.039635133,0.999046564]}
{"name":"BeamNGTrigger_16","class":"BeamNGTrigger","__parent":"SimGroup_","position":[889.687744,-622.770996,147.921234],"debug":true,"rotationMatrix":[-1,0,0,0,-0.999999821,-1.00413963e-05,0,-1.02202102e-05,0.999999821]}
{"name":"BeamNGTrigger_160","class":"BeamNGTrigger","__parent":"SimGroup_","position":[312.71167,723.453796,184.351013],"debug":true,"rotationMatrix":[-0.738485456,-0.674269199,0,0.671244085,-0.735172153,-0.0946201757,0.0637994558,-0.0698756501,0.99551326]}
{"name":"BeamNGTrigger_161","class":"BeamNGTrigger","__parent":"SimGroup_","position":[577.356567,839.601074,203.7603],"debug":true,"rotationMatrix":[-0.51449573,-0.857492805,0,0.854118705,-0.512471199,-0.088623181,0.0759937763,-0.0455962792,0.99606508]}
{"name":"BeamNGTrigger_162","class":"BeamNGTrigger","__parent":"SimGroup_","position":[248.647919,673.514282,194.394135],"debug":true,"rotationMatrix":[0.962615728,-0.270870328,0,0.263477713,0.936343849,-0.232033059,0.0628508851,0.223358661,0.972707689]}
{"name":"BeamNGTrigger_163","class":"BeamNGTrigger","__parent":"SimGroup_","position":[314.530518,470.137146,182.006516],"debug":true,"rotationMatrix":[0.894287586,-0.447492421,-1.49011594e-08,0.447450787,0.894204378,-0.0136375679,0.00610273378,0.012195901,0.999906898]}
{"name":"BeamNGTrigger_164","class":"BeamNGTrigger","__parent":"SimGroup_","position":[551.94043,500.128601,186.324142],"debug":true,"rotationMatrix":[-0.257662594,0.966234803,-2.98023188e-08,-0.956620991,-0.255098969,-0.14071399,-0.135962754,-0.0362566859,0.990050137]}
{"name":"BeamNGTrigger_165","class":"BeamNGTrigger","__parent":"SimGroup_","position":[628.720032,650.588684,185.311386],"debug":true,"rotationMatrix":[-0.20395419,-0.978980243,0,0.976251841,-0.203385785,-0.0746063739,0.0730381086,-0.0152162462,0.997212827]}
{"name":"BeamNGTrigger_166","class":"BeamNGTrigger","__parent":"SimGroup_","position":[784.368225,553.477234,151.584854],"debug":true,"rotationMatrix":[-0.970142245,0.242535591,0,-0.240995198,-0.963980794,-0.112525411,-0.0272914022,-0.109165609,0.993648648]}
{"name":"BeamNGTrigger_167","class":"BeamNGTrigger","__parent":"SimGroup_","position":[699.27771,325.719269,143.59462],"debug":true,"rotationMatrix":[-0.478852212,0.877895474,2.98023188e-08,-0.877254307,-0.478502393,-0.0382105298,-0.0335448794,-0.0182972327,0.999269545]}
{"name":"BeamNGTrigger_168","class":"BeamNGTrigger","__parent":"SimGroup_","position":[476.450531,416.371399,178.125595],"debug":true,"rotationMatrix":[-0.460317075,0.88775444,-2.98023188e-08,-0.883954942,-0.458347023,-0.0924183875,-0.0820448697,-0.0425417759,0.995720088]}
{"name":"BeamNGTrigger_169","class":"BeamNGTrigger","__parent":"SimGroup_","position":[10.5980892,294.735596,237.797394],"debug":true,"rotationMatrix":[0.799999893,-0.599999905,0,0.599930048,0.79990679,-0.0152570261,0.00915425085,0.0122056082,0.999883473]}
{"name":"BeamNGTrigger_17","class":"BeamNGTrigger","__parent":"SimGroup_","position":[839.451111,-470.154816,147.006729],"debug":true,"rotationMatrix":[0.970142365,-0.242535606,-7.45057971e-09,0.242458835,0.969835222,-0.0251575336,0.0061015985,0.024406394,0.999683321]}
{"name":"BeamNGTrigger_170","class":"BeamNGTrigger","__parent":"SimGroup_","position":[27.3654232,280.089478,237.629913],"debug":true,"rotationMatrix":[-0.962012887,0.273003608,0,-0.26577875,-0.936553776,-0.228535101,-0.0623909272,-0.219853789,0.973535478]}
{"name":"BeamNGTrigger_171","class":"BeamNGTrigger","__parent":"SimGroup_","position":[54.7505188,295.353668,237.549728],"debug":true,"rotationMatrix":[0.939793289,-0.341742992,0,0.341525197,0.939194381,-0.0356971212,0.0121992799,0.0335479528,0.999362528]}
{"name":"BeamNGTrigger_172","class":"BeamNGTrigger","__parent":"SimGroup_","position":[42.2290878,327.976562,237.538483],"debug":true,"rotationMatrix":[-0.252421796,0.967617154,-2.98023188e-08,-0.965081275,-0.251760304,-0.0723495036,-0.0700065866,-0.0182625242,0.997379124]}
{"name":"BeamNGTrigger_173","class":"BeamNGTrigger","__parent":"SimGroup_","position":[27.381815,303.454498,237.647919],"debug":true,"rotationMatrix":[0.992277741,0.124034718,7.45057971e-09,-0.123884812,0.991078436,-0.0491487533,-0.00609614886,0.0487691909,0.998791277]}
{"name":"BeamNGTrigger_174","class":"BeamNGTrigger","__parent":"SimGroup_","position":[-3.61698341,296.186676,237.976242],"debug":true,"rotationMatrix":[0.536875308,0.843661427,0,-0.842994273,0.536450863,-0.0397586413,-0.0335428491,0.0213454794,0.999209106]}
{"name":"BeamNGTrigger_175","class":"BeamNGTrigger","__parent":"SimGroup_","position":[-15.3121891,315.851746,238.328522],"debug":true,"rotationMatrix":[0.999999881,0,0,0,0.998323023,-0.0578862578,0,0.0578862578,0.998323023]}
{"name":"BeamNGTrigger_176","class":"BeamNGTrigger","__parent":"SimGroup_","position":[4.01032829,314.484009,238.477554],"debug":true,"rotationMatrix":[-0.0518562719,0.998654425,1.49011594e-08,-0.353556961,-0.0183588639,-0.935232639,-0.933974326,-0.0484977849,0.354033321]}
{"name":"BeamNGTrigger_177","class":"BeamNGTrigger","__parent":"SimGroup_","position":[-14.4944096,338.615875,238.246536],"debug":true,"rotationMatrix":[-0.178885549,0.983869851,0,-0.981586993,-0.178470433,-0.0680810958,-0.0669829994,-0.0121787917,0.997679651]}
{"name":"BeamNGTrigger_178","class":"BeamNGTrigger","__parent":"SimGroup_","position":[-1.34375191,330.6362,238.163025],"debug":true,"rotationMatrix":[0.944091618,-0.329682767,-1.49011594e-08,0.323052049,0.925103605,-0.199550375,0.0657883734,0.188393861,0.979887426]}
{"name":"BeamNGTrigger_179","class":"BeamNGTrigger","__parent":"SimGroup_","position":[-10.9642582,356.2659,238.375153],"debug":true,"rotationMatrix":[0,-0.999999881,0,0.999771714,0,-0.0213575009,0.0213575009,0,0.999771714]}
{"name":"BeamNGTrigger_18","class":"BeamNGTrigger","__parent":"SimGroup_","position":[843.655029,-471.020081,147.013336],"debug":true,"rotationMatrix":[0.992277741,-0.124034718,-3.72528985e-09,0.123997189,0.991977513,-0.0245965943,0.00305084046,0.0244066939,0.999697268]}
{"name":"BeamNGTrigger_180","class":"BeamNGTrigger","__parent":"SimGroup_","position":[8.54506302,350.614716,238.210587],"debug":true,"rotationMatrix":[-0.763386369,-0.645942092,0,0.645071566,-0.762357414,-0.0518995672,0.0335241444,-0.0396195054,0.99865216]}
{"name":"BeamNGTrigger_181","class":"BeamNGTrigger","__parent":"SimGroup_","position":[-0.227630615,370.172546,238.461975],"debug":true,"rotationMatrix":[-0.611447453,-0.791284859,0,0.788451791,-0.609258235,-0.0845440179,0.0668983981,-0.0516941957,0.996419549]}
{"name":"BeamNGTrigger_182","class":"BeamNGTrigger","__parent":"SimGroup_","position":[29.4192085,366.958649,238.435562],"debug":true,"rotationMatrix":[-0.99388361,-0.110431507,0,0.110053942,-0.99048543,-0.0826211721,0.00912397727,-0.0821158439,0.996580839]}
{"name":"BeamNGTrigger_183","class":"BeamNGTrigger","__parent":"SimGroup_","position":[26.0776062,340.264435,237.761337],"debug":true,"rotationMatrix":[-0.554700136,0.832050145,0,-0.830793738,-0.553862512,-0.0549333841,-0.0457073487,-0.0304716062,0.998489857]}
{"name":"BeamNGTrigger_184","class":"BeamNGTrigger","__parent":"SimGroup_","position":[49.4842567,275.547485,237.423706],"debug":true,"rotationMatrix":[0.640184283,0.76822114,2.98023188e-08,-0.768002927,0.640002549,-0.0238282308,-0.0183054544,0.0152544314,0.999715924]}
{"name":"BeamNGTrigger_185","class":"BeamNGTrigger","__parent":"SimGroup_","position":[39.8833809,250.205078,237.104813],"debug":true,"rotationMatrix":[-0.351123393,0.936329007,0,-0.936010838,-0.351004094,-0.0260654315,-0.024405824,-0.00915220287,0.999660075]}
{"name":"BeamNGTrigger_186","class":"BeamNGTrigger","__parent":"SimGroup_","position":[12.966568,254.375,237.439163],"debug":true,"rotationMatrix":[0.263117373,-0.964763761,0,0.964180171,0.262958258,-0.0347743817,0.0335490592,0.00914969202,0.999395072]}
{"name":"BeamNGTrigger_187","class":"BeamNGTrigger","__parent":"SimGroup_","position":[-16.2204456,272.291046,237.886444],"debug":true,"rotationMatrix":[-0.640184283,0.76822114,-2.98023188e-08,-0.760483801,-0.633736551,-0.141569674,-0.108756855,-0.090630807,0.989928126]}
{"name":"BeamNGTrigger_188","class":"BeamNGTrigger","__parent":"SimGroup_","position":[-29.5853672,292.723785,238.311646],"debug":true,"rotationMatrix":[0.694594383,-0.71940136,0,0.714018703,0.689397335,-0.122099824,0.0878387839,0.0848098844,0.99251765]}
{"name":"BeamNGTrigger_189","class":"BeamNGTrigger","__parent":"SimGroup_","position":[73.6253128,274.663971,237.048874],"debug":true,"rotationMatrix":[-0.993605256,0.112909682,0,-0.111892536,-0.984654307,-0.133924127,-0.0151213408,-0.133067787,0.990991473]}
{"name":"BeamNGTrigger_19","class":"BeamNGTrigger","__parent":"SimGroup_","position":[798.073242,-173.940918,144.426834],"debug":true,"rotationMatrix":[-1,0,0,0,-0.999999821,-1.00413963e-05,0,-1.02202102e-05,0.999999821]}
{"name":"BeamNGTrigger_190","class":"BeamNGTrigger","__parent":"SimGroup_","position":[77.1983185,301.428101,237.062332],"debug":true,"rotationMatrix":[0.119145259,-0.992876649,0,0.989958286,0.118794985,-0.0766155273,0.0760697573,0.00912840012,0.997060478]}
{"name":"BeamNGTrigger_191","class":"BeamNGTrigger","__parent":"SimGroup_","position":[408.469513,-655.632324,118.732834],"debug":true,"rotationMatrix":[-0.836969614,0.547249258,0,-0.5448066,-0.833233595,-0.094378002,-0.0516483411,-0.0789915919,0.995536327]}
{"name":"BeamNGTrigger_192","class":"BeamNGTrigger","__parent":"SimGroup_","position":[197.559952,-809.089172,116.060425],"debug":true,"rotationMatrix":[-0.86377871,0.503870845,0,-0.503418624,-0.863003373,-0.0423584767,-0.0213431828,-0.036588259,0.999102235]}
{"name":"BeamNGTrigger_193","class":"BeamNGTrigger","__parent":"SimGroup_","position":[-189.50766,-577.05896,129.866577],"debug":true,"rotationMatrix":[-0.447802961,0.894132197,0,-0.89404881,-0.447761118,-0.0136509789,-0.0122057954,-0.00611297088,0.999906719]}
{"name":"BeamNGTrigger_194","class":"BeamNGTrigger","__parent":"SimGroup_","position":[888.870605,-196.878464,151.691742],"debug":true,"rotationMatrix":[0.957327604,0.289004534,-1.49011594e-08,-0.284965992,0.943949759,-0.166591883,-0.0481458083,0.159483016,0.986025751]}
{"name":"BeamNGTrigger_195","class":"BeamNGTrigger","__parent":"SimGroup_","position":[916.482605,-237.374252,183.7435],"debug":true,"rotationMatrix":[-0.640184402,0.76822114,-2.98023188e-08,-0.747287393,-0.622739553,-0.23185496,-0.178115964,-0.14843002,0.972750247]}
{"name":"BeamNGTrigger_196","class":"BeamNGTrigger","__parent":"SimGroup_","position":[897.50647,47.7283936,195.470917],"debug":true,"rotationMatrix":[0.429933548,-0.902860403,2.98023188e-08,0.900594413,0.428854525,-0.0708040744,0.0639261678,0.0304410774,0.997490108]}
{"name":"BeamNGTrigger_197","class":"BeamNGTrigger","__parent":"SimGroup_","position":[882.000977,277.733765,225.50235],"debug":true,"rotationMatrix":[-0.980580688,0.19611612,7.45057971e-09,-0.194962874,-0.974814475,-0.108286269,-0.0212366935,-0.106183589,0.994119585]}
{"name":"BeamNGTrigger_198","class":"BeamNGTrigger","__parent":"SimGroup_","position":[868.332642,431.812195,221.615585],"debug":true,"rotationMatrix":[-0.664363742,-0.747409225,2.98023188e-08,0.74539876,-0.662576616,-0.0732984096,0.0547839031,-0.0486968048,0.997309923]}
{"name":"BeamNGTrigger_199","class":"BeamNGTrigger","__parent":"SimGroup_","position":[903.098145,582.716125,217.742233],"debug":true,"rotationMatrix":[-0.993883491,-0.110431507,3.72528985e-09,0.109762944,-0.987866521,-0.109870203,0.0121331317,-0.10919816,0.993945718]}
{"name":"BeamNGTrigger_2","class":"BeamNGTrigger","__parent":"SimGroup_","position":[-700.631165,-905.310303,135.152878],"debug":true,"rotationMatrix":[-0.970696449,-0.240308642,0,0.240259573,-0.970498145,-0.020208085,0.0048561818,-0.0196159706,0.999795616]}
{"name":"BeamNGTrigger_20","class":"BeamNGTrigger","__parent":"SimGroup_","position":[796.09906,-181.067841,144.426834],"debug":true,"rotationMatrix":[-1,0,0,0,-0.999999821,-1.00413963e-05,0,-1.02202102e-05,0.999999821]}
{"name":"BeamNGTrigger_21","class":"BeamNGTrigger","__parent":"SimGroup_","position":[783.86908,-138.641098,144.304901],"debug":true,"rotationMatrix":[-1,0,0,0,-0.999999821,-1.00413963e-05,0,-1.02202102e-05,0.999999821]}
{"name":"BeamNGTrigger_22","class":"BeamNGTrigger","__parent":"SimGroup_","position":[784.094055,-160.766388,144.304901],"debug":true,"rotationMatrix":[-1,0,0,0,-0.999999821,-1.00413963e-05,0,-1.02202102e-05,0.999999821]}
{"name":"BeamNGTrigger_23","class":"BeamNGTrigger","__parent":"SimGroup_","position":[823.606812,-170.739365,144.304901],"debug":true,"rotationMatrix":[-1,0,0,0,-0.999999821,-1.00413963e-05,0,-1.02202102e-05,0.999999821]}
{"name":"BeamNGTrigger_24","class":"BeamNGTrigger","__parent":"SimGroup_","position":[826.699829,-248.485535,143.951736],"debug":true,"rotationMatrix":[-0.406138361,-0.913811445,2.98023188e-08,0.910118997,-0.404497325,-0.0898047835,0.0820646062,-0.0364730619,0.995959222]}
{"name":"BeamNGTrigger_25","class":"BeamNGTrigger","__parent":"SimGroup_","position":[776.173096,5.72381592,147.688782],"debug":true,"rotationMatrix":[-0.970184565,-0.242367059,-7.45057971e-09,0.242347822,-0.970107555,-0.012591566,0.00305178575,-0.0122161731,0.999920607]}
{"name":"BeamNGTrigger_26","class":"BeamNGTrigger","__parent":"SimGroup_","position":[779.634644,7.54292297,147.692337],"debug":true,"rotationMatrix":[-0.948781013,-0.315934241,0,0.315919518,-0.948736668,-0.00965967402,0.00305182952,-0.00916501042,0.99995327]}
{"name":"BeamNGTrigger_27","class":"BeamNGTrigger","__parent":"SimGroup_","position":[747.061707,329.702057,141.998276],"debug":true,"rotationMatrix":[-0.917395949,-0.397975177,1.49011594e-08,0.396643907,-0.914327323,-0.081724003,0.032524135,-0.0749731734,0.996654809]}
{"name":"BeamNGTrigger_28","class":"BeamNGTrigger","__parent":"SimGroup_","position":[749.908752,332.574341,142.137833],"debug":true,"rotationMatrix":[-0.947385907,-0.320093632,1.49011594e-08,0.3190943,-0.944428027,-0.0789571553,0.0252737179,-0.0748029426,0.996877849]}
{"name":"BeamNGTrigger_29","class":"BeamNGTrigger","__parent":"SimGroup_","position":[413.23996,232.64151,160.210449],"debug":true,"rotationMatrix":[-0.857492805,0.514495611,0,-0.514414191,-0.857356966,-0.0177919511,-0.00915385596,-0.0152564766,0.999841511]}
{"name":"BeamNGTrigger_3","class":"BeamNGTrigger","__parent":"SimGroup_","position":[-701.002319,-915.012695,135.113678],"debug":true,"rotationMatrix":[-0.987204432,-0.159458697,0,0.159425855,-0.987001061,-0.0202933196,0.00323594199,-0.0200336799,0.999793887]}
{"name":"BeamNGTrigger_30","class":"BeamNGTrigger","__parent":"SimGroup_","position":[415.243042,236.257111,160.276367],"debug":true,"rotationMatrix":[-0.980580688,0.196116105,0,-0.196092352,-0.980461895,-0.015559162,-0.00305140181,-0.0152570838,0.999878824]}
{"name":"BeamNGTrigger_31","class":"BeamNGTrigger","__parent":"SimGroup_","position":[266.21698,-94.0494843,147.314117],"debug":true,"rotationMatrix":[-0.0604951307,0.998168349,2.98023188e-08,-0.993126452,-0.0601894744,-0.10038323,-0.100199379,-0.00607276335,0.994948685]}
{"name":"BeamNGTrigger_32","class":"BeamNGTrigger","__parent":"SimGroup_","position":[-79.7050705,-226.574677,138.521011],"debug":true,"rotationMatrix":[-0.555333734,0.831627369,-2.98023188e-08,-0.831577003,-0.555300057,-0.0110081099,-0.00915465876,-0.0061130994,0.999939203]}
{"name":"BeamNGTrigger_33","class":"BeamNGTrigger","__parent":"SimGroup_","position":[-77.6587296,-208.725082,138.63649],"debug":true,"rotationMatrix":[-0.555333734,0.831627369,-2.98023188e-08,-0.831577003,-0.555300057,-0.0110081099,-0.00915465876,-0.0061130994,0.999939203]}
{"name":"BeamNGTrigger_34","class":"BeamNGTrigger","__parent":"SimGroup_","position":[-568.533386,-626.585266,162.604965],"debug":true,"rotationMatrix":[-0.274721086,-0.96152389,0,0.961286604,-0.274653286,-0.0222116951,0.0213571098,-0.00610210793,0.999753177]}
{"name":"BeamNGTrigger_35","class":"BeamNGTrigger","__parent":"SimGroup_","position":[-569.523315,-622.812988,162.653915],"debug":true,"rotationMatrix":[-0.19611606,-0.980580568,0,0.980105937,-0.196021125,-0.0311070308,0.0305029061,-0.00610055123,0.999515831]}
{"name":"BeamNGTrigger_36","class":"BeamNGTrigger","__parent":"SimGroup_","position":[-538.654358,-801.399414,143.948181],"debug":true,"rotationMatrix":[-0.872706532,-0.488244772,-4.47034765e-08,0.485888809,-0.868495345,-0.0981198624,0.0479064733,-0.0856298804,0.995174408]}
{"name":"BeamNGTrigger_37","class":"BeamNGTrigger","__parent":"SimGroup_","position":[-535.500488,-799.547485,143.955688],"debug":true,"rotationMatrix":[-0.872706532,-0.488244772,-4.47034765e-08,0.485888809,-0.868495345,-0.0981198624,0.0479064733,-0.0856298804,0.995174408]}
{"name":"BeamNGTrigger_38","class":"BeamNGTrigger","__parent":"SimGroup_","position":[-965.000732,-1141.74756,149.698364],"debug":true,"rotationMatrix":[0.299780011,0.954008222,-2.98023188e-08,-0.953972042,0.299768627,-0.008704748,-0.00830443949,0.00260951719,0.999961913]}
{"name":"BeamNGTrigger_39","class":"BeamNGTrigger","__parent":"SimGroup_","position":[-965.113159,-1145.94055,149.72197],"debug":true,"rotationMatrix":[0.902500272,-0.430688977,-1.49011594e-08,0.430666596,0.902453363,-0.0101886056,0.00438814564,0.00919522624,0.999947965]}
{"name":"BeamNGTrigger_4","class":"BeamNGTrigger","__parent":"SimGroup_","position":[-700.923523,-919.039124,135.032761],"debug":true,"rotationMatrix":[-0.987203121,-0.159467369,0,0.159434527,-0.98699975,-0.0202924255,0.00323598669,-0.0200328454,0.999793887]}
{"name":"BeamNGTrigger_40","class":"BeamNGTrigger","__parent":"SimGroup_","position":[-964.834351,-1157.86694,149.746796],"debug":true,"rotationMatrix":[0.796261251,0.604952574,0,-0.604911923,0.796207607,-0.0115936063,-0.00701352162,0.00923151616,0.999932587]}
{"name":"BeamNGTrigger_41","class":"BeamNGTrigger","__parent":"SimGroup_","position":[-964.686584,-1161.99805,149.76004],"debug":true,"rotationMatrix":[0.68860513,-0.72513628,0,0.725128353,0.68859762,-0.00468137581,0.00339469616,0.003223598,0.999988914]}
{"name":"BeamNGTrigger_42","class":"BeamNGTrigger","__parent":"SimGroup_","position":[-521.803284,-1141.93201,149.736954],"debug":true,"rotationMatrix":[-1,0,0,0,-0.999999821,-1.00413963e-05,0,-1.02202102e-05,0.999999821]}
{"name":"BeamNGTrigger_43","class":"BeamNGTrigger","__parent":"SimGroup_","position":[-522.344421,-1146.08459,149.736954],"debug":true,"rotationMatrix":[-1,0,0,0,-0.999999821,-1.00413963e-05,0,-1.02202102e-05,0.999999821]}
{"name":"BeamNGTrigger_44","class":"BeamNGTrigger","__parent":"SimGroup_","position":[-520.99353,-1158.0625,149.751953],"debug":true,"rotationMatrix":[-1,0,0,0,-0.999999821,-1.00413963e-05,0,-1.02202102e-05,0.999999821]}
{"name":"BeamNGTrigger_45","class":"BeamNGTrigger","__parent":"SimGroup_","position":[-520.891235,-1162.10229,149.751968],"debug":true,"rotationMatrix":[-1,0,0,0,-0.999999821,-1.00413963e-05,0,-1.02202102e-05,0.999999821]}
{"name":"BeamNGTrigger_46","class":"BeamNGTrigger","__parent":"SimGroup_","position":[323.039032,-1141.82947,149.736969],"debug":true,"rotationMatrix":[-1,0,0,0,-0.999999821,-1.00413963e-05,0,-1.02202102e-05,0.999999821]}
{"name":"BeamNGTrigger_47","class":"BeamNGTrigger","__parent":"SimGroup_","position":[322.70874,-1145.91724,149.736969],"debug":true,"rotationMatrix":[-1,0,0,0,-0.999999821,-1.00413963e-05,0,-1.02202102e-05,0.999999821]}
{"name":"BeamNGTrigger_48","class":"BeamNGTrigger","__parent":"SimGroup_","position":[323.855225,-1157.81934,149.751953],"debug":true,"rotationMatrix":[-1,0,0,0,-0.999999821,-1.00413963e-05,0,-1.02202102e-05,0.999999821]}
{"name":"BeamNGTrigger_49","class":"BeamNGTrigger","__parent":"SimGroup_","position":[324.009796,-1162.06079,149.751968],"debug":true,"rotationMatrix":[-1,0,0,0,-0.999999821,-1.00413963e-05,0,-1.02202102e-05,0.999999821]}
{"name":"BeamNGTrigger_5","class":"BeamNGTrigger","__parent":"SimGroup_","position":[-257.929749,-889.2948,131.100037],"debug":true,"rotationMatrix":[0.986393809,-0.164398968,7.45057971e-09,0.164285779,0.985714674,-0.037100751,0.00609932654,0.0365959592,0.999311328]}
{"name":"BeamNGTrigger_50","class":"BeamNGTrigger","__parent":"SimGroup_","position":[1029.3595,-1141.9137,149.733337],"debug":true,"rotationMatrix":[0.871487319,-0.490417778,1.49011594e-08,0.49041453,0.871481597,-0.0036084326,0.00176964479,0.00314469729,0.999993265]}
{"name":"BeamNGTrigger_51","class":"BeamNGTrigger","__parent":"SimGroup_","position":[1029.34277,-1145.89807,149.742172],"debug":true,"rotationMatrix":[0.791973531,0.610555172,-2.98023188e-08,-0.610554099,0.791972101,-0.00189640885,-0.00115787331,0.00150186755,0.999998033]}
{"name":"BeamNGTrigger_52","class":"BeamNGTrigger","__parent":"SimGroup_","position":[1029.99683,-1157.84644,149.752518],"debug":true,"rotationMatrix":[0.916564643,-0.39988625,-1.49011594e-08,0.399880975,0.916552603,-0.00510951597,0.00204320718,0.0046831565,0.999986708]}
{"name":"BeamNGTrigger_53","class":"BeamNGTrigger","__parent":"SimGroup_","position":[1030.01917,-1161.91797,149.769577],"debug":true,"rotationMatrix":[0.95779866,0.287439525,0,-0.287438124,0.957793832,-0.00314238388,-0.000903229055,0.00300976005,0.999994874]}
{"name":"BeamNGTrigger_54","class":"BeamNGTrigger","__parent":"SimGroup_","position":[-973.461731,-955.10321,135.024185],"debug":true,"rotationMatrix":[-0.999999762,-1.99343049e-05,0,1.99342103e-05,-0.999995112,-0.00306185801,6.10351876e-08,-0.0030617388,0.999995112]}
{"name":"BeamNGTrigger_55","class":"BeamNGTrigger","__parent":"SimGroup_","position":[-975.156799,-951.697449,135.038559],"debug":true,"rotationMatrix":[-0.999999762,-1.99657952e-05,9.09494593e-13,1.99654241e-05,-0.999981105,-0.00611349614,1.22060456e-07,-0.00611337693,0.999981105]}
{"name":"BeamNGTrigger_56","class":"BeamNGTrigger","__parent":"SimGroup_","position":[-981.100159,-941.452332,135.01564],"debug":true,"rotationMatrix":[-0.999999762,-1.99657952e-05,9.09494593e-13,1.99654241e-05,-0.999981105,-0.00611349614,1.22060456e-07,-0.00611337693,0.999981105]}
{"name":"BeamNGTrigger_57","class":"BeamNGTrigger","__parent":"SimGroup_","position":[-982.527222,-937.537415,135.039154],"debug":true,"rotationMatrix":[-0.894580483,0.446906745,1.49011594e-08,-0.446865052,-0.894496977,-0.0136555089,-0.00610273378,-0.0122159282,0.9999066]}
