{"name":"BeamNGTrigger_1","class":"BeamNGTrigger","__parent":"SimGroup_","position":[-886.530151,82.9470978,136.630585],"rotationMatrix":[-0.692517519,-0.721400738,-2.98023188e-08,0.706926465,-0.678622842,-0.199313089,0.143784583,-0.138027698,0.979935706]}
{"name":"BeamNGTrigger_10","class":"BeamNGTrigger","__parent":"SimGroup_","position":[-883.904907,578.871155,128.378708],"rotationMatrix":[0.711339474,-0.702848315,-5.96046377e-08,0.691418111,0.699771166,-0.17961359,0.126241148,0.127766222,0.983737051]}
{"name":"BeamNGTrigger_100","class":"BeamNGTrigger","__parent":"SimGroup_","position":[-1504.60938,-991.395386,104.408997],"rotationMatrix":[-1,0,0,0,-0.999999821,-1.00413963e-05,0,-1.02202102e-05,0.999999821]}
{"name":"BeamNGTrigger_101","class":"BeamNGTrigger","__parent":"SimGroup_","position":[-1527.94873,-1010.90564,104.408997],"rotationMatrix":[-1,0,0,0,-0.999999821,-1.00413963e-05,0,-1.02202102e-05,0.999999821]}
{"name":"BeamNGTrigger_102","class":"BeamNGTrigger","__parent":"SimGroup_","position":[-1455.67847,-938.13916,104.409004],"rotationMatrix":[-1,0,0,0,-0.999999821,-1.00413963e-05,0,-1.02202102e-05,0.999999821]}
{"name":"BeamNGTrigger_103","class":"BeamNGTrigger","__parent":"SimGroup_","position":[-1463.6991,-929.897705,104.409004],"rotationMatrix":[-1,0,0,0,-0.999999821,-1.00413963e-05,0,-1.02202102e-05,0.999999821]}
{"name":"BeamNGTrigger_104","class":"BeamNGTrigger","__parent":"SimGroup_","position":[-1431.24805,-958.621582,104.408997],"rotationMatrix":[-1,0,0,0,-0.999999821,-1.00413963e-05,0,-1.02202102e-05,0.999999821]}
{"name":"BeamNGTrigger_105","class":"BeamNGTrigger","__parent":"SimGroup_","position":[-1425.32617,-963.834106,104.409004],"rotationMatrix":[-1,0,0,0,-0.999999821,-1.00413963e-05,0,-1.02202102e-05,0.999999821]}
{"name":"BeamNGTrigger_106","class":"BeamNGTrigger","__parent":"SimGroup_","position":[-1453.00598,-924.770264,100.35836],"rotationMatrix":[-1,0,0,0,-0.999999821,-1.00413963e-05,0,-1.02202102e-05,0.999999821]}
{"name":"BeamNGTrigger_107","class":"BeamNGTrigger","__parent":"SimGroup_","position":[-1440.7522,-934.752563,100.358368],"rotationMatrix":[-0.996282935,0.0861416608,3.72528985e-09,-0.0861416608,-0.996282756,-9.14732664e-06,-7.93566812e-07,-9.26621124e-06,0.999999821]}
{"name":"BeamNGTrigger_108","class":"BeamNGTrigger","__parent":"SimGroup_","position":[-1413.87427,-904.58606,104.408997],"rotationMatrix":[-1,0,0,0,-0.999999821,-1.00413963e-05,0,-1.02202102e-05,0.999999821]}
{"name":"BeamNGTrigger_109","class":"BeamNGTrigger","__parent":"SimGroup_","position":[-1428.11377,-891.861328,104.408997],"rotationMatrix":[-1,0,0,0,-0.999999821,-1.00413963e-05,0,-1.02202102e-05,0.999999821]}
{"name":"BeamNGTrigger_11","class":"BeamNGTrigger","__parent":"SimGroup_","position":[-887.893188,627.327515,117.946785],"rotationMatrix":[0.375263035,-0.926918268,0,0.924364924,0.374229431,-0.0741724521,0.0687518492,0.0278341454,0.997245312]}
{"name":"BeamNGTrigger_110","class":"BeamNGTrigger","__parent":"SimGroup_","position":[-1380.07422,-873.376953,104.409004],"rotationMatrix":[-1,0,0,0,-0.999999821,-1.00413963e-05,0,-1.02202102e-05,0.999999821]}
{"name":"BeamNGTrigger_111","class":"BeamNGTrigger","__parent":"SimGroup_","position":[-1358.75098,-851.794678,104.409004],"rotationMatrix":[-1,0,0,0,-0.999999821,-1.00413963e-05,0,-1.02202102e-05,0.999999821]}
{"name":"BeamNGTrigger_112","class":"BeamNGTrigger","__parent":"SimGroup_","position":[-1339.57764,-719.130615,104.409004],"rotationMatrix":[-1,0,0,0,-0.999999821,-1.00413963e-05,0,-1.02202102e-05,0.999999821]}
{"name":"BeamNGTrigger_113","class":"BeamNGTrigger","__parent":"SimGroup_","position":[-1331.38257,-732.120239,104.361008],"rotationMatrix":[-0.989529014,-0.144332305,0,0.144332305,-0.989529073,-1.17699301e-05,1.69644886e-06,-1.15305966e-05,0.999999821]}
{"name":"BeamNGTrigger_114","class":"BeamNGTrigger","__parent":"SimGroup_","position":[-1119.64197,-549.095703,104.359009],"rotationMatrix":[-1,0,0,0,-0.999999821,-1.00413963e-05,0,-1.02202102e-05,0.999999821]}
{"name":"BeamNGTrigger_115","class":"BeamNGTrigger","__parent":"SimGroup_","position":[-1113.11646,-554.962646,104.359001],"rotationMatrix":[-1,0,0,0,-0.999999821,-1.00413963e-05,0,-1.02202102e-05,0.999999821]}
{"name":"BeamNGTrigger_116","class":"BeamNGTrigger","__parent":"SimGroup_","position":[-1178.52637,-529.374207,104.359001],"rotationMatrix":[-0.999999881,-0.000260780886,0,0.000260780886,-0.999999762,-1.00413963e-05,2.61303867e-09,-9.98179166e-06,0.999999762]}
{"name":"BeamNGTrigger_117","class":"BeamNGTrigger","__parent":"SimGroup_","position":[-1184.64844,-513.794556,104.358994],"rotationMatrix":[-0.999999881,-0.000262239948,0,0.000262239948,-0.999999762,-1.00413963e-05,2.64226996e-09,-9.98179166e-06,0.999999762]}
{"name":"BeamNGTrigger_118","class":"BeamNGTrigger","__parent":"SimGroup_","position":[-1296.55762,-897.670898,104.359001],"rotationMatrix":[-1,0,0,0,-0.999999821,-1.00413963e-05,0,-1.02202102e-05,0.999999821]}
{"name":"BeamNGTrigger_119","class":"BeamNGTrigger","__parent":"SimGroup_","position":[-1304.71082,-890.501099,104.359001],"rotationMatrix":[-1,0,0,0,-0.999999821,-1.00413963e-05,0,-1.02202102e-05,0.999999821]}
{"name":"BeamNGTrigger_12","class":"BeamNGTrigger","__parent":"SimGroup_","position":[-876.44165,631.697449,117.025162],"rotationMatrix":[0.942054987,-0.33545804,1.49011594e-08,0.333842218,0.937517345,-0.0980323628,0.0328857526,0.0923519209,0.995183051]}
{"name":"BeamNGTrigger_120","class":"BeamNGTrigger","__parent":"SimGroup_","position":[-654.663208,-444.130859,109.019341],"rotationMatrix":[0.47058028,0.882357001,0,-0.877997696,0.468255311,-0.0992803648,-0.0876006484,0.0467194058,0.995059311]}
{"name":"BeamNGTrigger_121","class":"BeamNGTrigger","__parent":"SimGroup_","position":[-655.387329,-450.726685,109.119339],"rotationMatrix":[0.164410502,0.986391902,0,-0.980782688,0.163475603,-0.106492706,-0.105043508,0.017508518,0.9943133]}
{"name":"BeamNGTrigger_122","class":"BeamNGTrigger","__parent":"SimGroup_","position":[-213.709641,-707.585022,128.938354],"rotationMatrix":[0.242535561,0.970142365,0,-0.967595518,0.241898909,-0.0724117309,-0.0702497438,0.0175624061,0.997374654]}
{"name":"BeamNGTrigger_123","class":"BeamNGTrigger","__parent":"SimGroup_","position":[-218.062653,-711.912415,128.684799],"rotationMatrix":[0.0829203576,0.996556044,5.96046377e-08,-0.994077265,0.0827141553,-0.0704869181,-0.0702442378,0.00584471878,0.997512519]}
{"name":"BeamNGTrigger_124","class":"BeamNGTrigger","__parent":"SimGroup_","position":[-130.767059,-875.056152,131.025055],"rotationMatrix":[0.274579585,-0.961564183,0,0.960687339,0.274329185,-0.0426956005,0.0410545357,0.0117233014,0.99908793]}
{"name":"BeamNGTrigger_125","class":"BeamNGTrigger","__parent":"SimGroup_","position":[-143.001785,-881.194336,131.04158],"rotationMatrix":[-0.514561176,0.857453465,-5.96046377e-08,-0.856951773,-0.514260173,-0.0342007466,-0.0293255541,-0.0175983123,0.999414861]}
{"name":"BeamNGTrigger_126","class":"BeamNGTrigger","__parent":"SimGroup_","position":[-401.769562,-637.144226,130.009354],"rotationMatrix":[-0.707106709,0.70710665,-2.98023188e-08,-0.706717014,-0.706717014,-0.0331921168,-0.023470398,-0.0234703384,0.999448836]}
{"name":"BeamNGTrigger_127","class":"BeamNGTrigger","__parent":"SimGroup_","position":[-396.698578,-631.387573,130.234711],"rotationMatrix":[-0.707106709,0.707106709,0,-0.706887543,-0.706887543,-0.0248947367,-0.0176032465,-0.0176033359,0.999689937]}
{"name":"BeamNGTrigger_128","class":"BeamNGTrigger","__parent":"SimGroup_","position":[-584.210571,-620.50177,186.779541],"rotationMatrix":[-1,0,0,0,-0.999999821,-1.00413963e-05,0,-1.02202102e-05,0.999999821]}
{"name":"BeamNGTrigger_129","class":"BeamNGTrigger","__parent":"SimGroup_","position":[-459.944061,-748.411926,141.645004],"rotationMatrix":[-0.894456267,0.447155416,-1.49011594e-08,-0.444710642,-0.889565825,-0.104425855,-0.0466946214,-0.0934044719,0.994532585]}
{"name":"BeamNGTrigger_13","class":"BeamNGTrigger","__parent":"SimGroup_","position":[-792.057007,601.341003,116.986748],"rotationMatrix":[0.920952857,-0.38967365,0,0.389327496,0.920134783,-0.042139072,0.0164204985,0.0388080627,0.999111533]}
{"name":"BeamNGTrigger_130","class":"BeamNGTrigger","__parent":"SimGroup_","position":[-455.405914,-741.155579,142.407776],"rotationMatrix":[-0.928426504,0.371515453,1.49011594e-08,-0.370775521,-0.92657733,-0.0630836636,-0.0234365296,-0.0585684292,0.998008013]}
{"name":"BeamNGTrigger_131","class":"BeamNGTrigger","__parent":"SimGroup_","position":[-214.501389,-911.687988,134.007553],"rotationMatrix":[0.70710665,-0.707106709,0,0.706887543,0.706887543,-0.0248947367,0.0176032465,0.0176032167,0.999689937]}
{"name":"BeamNGTrigger_132","class":"BeamNGTrigger","__parent":"SimGroup_","position":[-218.854263,-918.923218,134.109055],"rotationMatrix":[-0.70770061,-0.706512213,2.98023188e-08,0.706487775,-0.707676172,-0.00831487402,0.00587457512,-0.00588446949,0.99996525]}
{"name":"BeamNGTrigger_133","class":"BeamNGTrigger","__parent":"SimGroup_","position":[-26.5495758,-853.970947,132.291977],"rotationMatrix":[-0.491261899,0.871011853,-2.98023188e-08,-0.871011794,-0.49126175,-0.000221876267,-0.000193284563,-0.000109000219,0.999999821]}
{"name":"BeamNGTrigger_134","class":"BeamNGTrigger","__parent":"SimGroup_","position":[-29.4364929,-851.098877,132.291779],"rotationMatrix":[-0.252715528,0.967540503,-2.98023188e-08,-0.967540443,-0.252715558,-0.000134495873,-0.000130141896,-3.39967337e-05,0.999999821]}
{"name":"BeamNGTrigger_135","class":"BeamNGTrigger","__parent":"SimGroup_","position":[301.519562,-566.852173,140.225082],"rotationMatrix":[-0.948600888,-0.316474289,0,0.31641978,-0.948437452,-0.0185597185,0.00587364659,-0.0176056232,0.999827504]}
{"name":"BeamNGTrigger_136","class":"BeamNGTrigger","__parent":"SimGroup_","position":[298.167908,-564.170715,140.262634],"rotationMatrix":[-0.895050049,0.445965648,0,-0.445927113,-0.894972682,-0.0131370677,-0.00585868303,-0.0117584029,0.999913573]}
{"name":"BeamNGTrigger_137","class":"BeamNGTrigger","__parent":"SimGroup_","position":[579.592041,-386.876282,147.035126],"rotationMatrix":[0.316227734,0.948683143,0,-0.947215736,0.315738618,-0.0555973798,-0.0527443103,0.0175814871,0.998453081]}
{"name":"BeamNGTrigger_138","class":"BeamNGTrigger","__parent":"SimGroup_","position":[581.427368,-402.348694,147.236618],"rotationMatrix":[-0.124153718,0.99226284,0,-0.991153836,-0.124015011,-0.0472646505,-0.0468989462,-0.00586808659,0.998882174]}
{"name":"BeamNGTrigger_139","class":"BeamNGTrigger","__parent":"SimGroup_","position":[580.122314,-390.697998,147.118073],"rotationMatrix":[0.242387265,0.970179439,0,-0.969044566,0.242103681,-0.0483536273,-0.0469116718,0.0117203183,0.99883014]}
{"name":"BeamNGTrigger_14","class":"BeamNGTrigger","__parent":"SimGroup_","position":[-929.2771,555.280701,131.961777],"rotationMatrix":[-1,0,0,0,-0.999999821,-1.00413963e-05,0,-1.02202102e-05,0.999999821]}
{"name":"BeamNGTrigger_140","class":"BeamNGTrigger","__parent":"SimGroup_","position":[580.935669,-398.268127,147.213837],"rotationMatrix":[0.11052601,0.993873179,2.98023188e-08,-0.992472112,0.110370256,-0.0530766994,-0.052751556,0.00586629752,0.998590291]}
{"name":"BeamNGTrigger_141","class":"BeamNGTrigger","__parent":"SimGroup_","position":[292.027954,-559.654541,140.275955],"rotationMatrix":[-0.831828237,0.55503273,2.98023188e-08,-0.554908395,-0.831641972,-0.0211639646,-0.0117466906,-0.0176047776,0.999775827]}
{"name":"BeamNGTrigger_142","class":"BeamNGTrigger","__parent":"SimGroup_","position":[288.395447,-557.002441,140.250046],"rotationMatrix":[-0.707106709,0.707106709,0,-0.706887543,-0.706887543,-0.0248947367,-0.0176032465,-0.0176033359,0.999689937]}
{"name":"BeamNGTrigger_143","class":"BeamNGTrigger","__parent":"SimGroup_","position":[-34.6209793,-846.149658,132.280624],"rotationMatrix":[0.609936535,0.79245007,-2.98023188e-08,-0.79243964,0.609928548,-0.00511142332,-0.00405053189,0.00311767356,0.999986768]}
{"name":"BeamNGTrigger_144","class":"BeamNGTrigger","__parent":"SimGroup_","position":[-37.7496872,-843.507446,132.244843],"rotationMatrix":[0.62770927,0.778447628,0,-0.778386772,0.627660275,-0.0124978675,-0.00972891506,0.00784497801,0.999921739]}
{"name":"BeamNGTrigger_145","class":"BeamNGTrigger","__parent":"SimGroup_","position":[333.032043,-326.177673,147.717361],"rotationMatrix":[-0.554783225,0.831994653,0,-0.83125025,-0.554286957,-0.0422910042,-0.035185881,-0.0234623384,0.999105155]}
{"name":"BeamNGTrigger_146","class":"BeamNGTrigger","__parent":"SimGroup_","position":[333.580658,-320.629944,147.697235],"rotationMatrix":[0.707290411,0.706922889,0,-0.706314683,0.706681967,-0.0414718576,-0.0293174647,0.0293326341,0.999139488]}
{"name":"BeamNGTrigger_147","class":"BeamNGTrigger","__parent":"SimGroup_","position":[-32.5459137,-282.937866,132.023132],"rotationMatrix":[-0.514561176,0.857453465,-5.96046377e-08,-0.856951773,-0.514260173,-0.0342007466,-0.0293255541,-0.0175983123,0.999414861]}
{"name":"BeamNGTrigger_148","class":"BeamNGTrigger","__parent":"SimGroup_","position":[-31.999054,-277.806702,131.984329],"rotationMatrix":[0.831994712,0.554783225,-2.98023188e-08,-0.554286957,0.83125025,-0.0422910042,-0.0234623086,0.0351859406,0.999105155]}
{"name":"BeamNGTrigger_149","class":"BeamNGTrigger","__parent":"SimGroup_","position":[966.437622,-387.382263,158.109482],"rotationMatrix":[0.99226284,-0.124153778,3.72528985e-09,0.124015026,0.991153836,-0.0472646505,0.00586807169,0.046898976,0.998882174]}
{"name":"BeamNGTrigger_15","class":"BeamNGTrigger","__parent":"SimGroup_","position":[-942.963989,661.530823,112.094543],"rotationMatrix":[0.999999881,2.00327631e-05,0,-2.00324193e-05,0.999982715,-0.00585701782,-1.17332e-07,0.00585701782,0.999982715]}
{"name":"BeamNGTrigger_150","class":"BeamNGTrigger","__parent":"SimGroup_","position":[961.562988,-386.383423,158.067795],"rotationMatrix":[0.999999881,0,0,0,0.998898685,-0.0469150096,0,0.0469150096,0.998898685]}
{"name":"BeamNGTrigger_151","class":"BeamNGTrigger","__parent":"SimGroup_","position":[971.355835,-388.308838,158.108475],"rotationMatrix":[0.961537302,-0.274673879,0,0.274423599,0.960661054,-0.0426809378,0.0117233461,0.0410393663,0.999088526]}
{"name":"BeamNGTrigger_152","class":"BeamNGTrigger","__parent":"SimGroup_","position":[976.486572,-389.181091,158.076447],"rotationMatrix":[0.93631655,-0.351156712,0,0.350716054,0.935141504,-0.0500819236,0.0175865702,0.0468925349,0.998744905]}
{"name":"BeamNGTrigger_153","class":"BeamNGTrigger","__parent":"SimGroup_","position":[964.66626,-702.057983,166.346481],"rotationMatrix":[0.999999881,2.00327158e-05,0,-2.00323702e-05,0.999982655,-0.00586458715,-1.17483886e-07,0.00586458715,0.999982655]}
{"name":"BeamNGTrigger_154","class":"BeamNGTrigger","__parent":"SimGroup_","position":[960.258911,-703.568054,166.324554],"rotationMatrix":[-1,0,0,0,-0.999999821,-1.00413963e-05,0,-1.02202102e-05,0.999999821]}
{"name":"BeamNGTrigger_155","class":"BeamNGTrigger","__parent":"SimGroup_","position":[970.484497,-700.429688,166.343277],"rotationMatrix":[0.999999881,2.00327158e-05,0,-2.00323702e-05,0.999982655,-0.00586458715,-1.17483886e-07,0.00586458715,0.999982655]}
{"name":"BeamNGTrigger_156","class":"BeamNGTrigger","__parent":"SimGroup_","position":[974.912109,-698.838074,166.264633],"rotationMatrix":[0.599916697,-0.800062299,2.98023188e-08,0.799717844,0.599658489,-0.0293392166,0.0234732386,0.0176010616,0.999569356]}
{"name":"BeamNGTrigger_157","class":"BeamNGTrigger","__parent":"SimGroup_","position":[911.3125,-545.697327,163.645996],"rotationMatrix":[-1,0,0,0,-0.999999821,-1.00413963e-05,0,-1.02202102e-05,0.999999821]}
{"name":"BeamNGTrigger_158","class":"BeamNGTrigger","__parent":"SimGroup_","position":[925.11792,-484.907227,162.220184],"rotationMatrix":[0.998306513,0.0581712052,0,-0.0581711978,0.998306453,-0.000350026239,-2.03637937e-05,0.000349430047,0.999999821]}
{"name":"BeamNGTrigger_159","class":"BeamNGTrigger","__parent":"SimGroup_","position":[917.244141,-483.28302,162.219284],"rotationMatrix":[0.139775127,0.990183115,-2.98023188e-08,-0.990183055,0.139775157,-0.00024929439,-0.000246819924,3.48809299e-05,0.999999821]}
{"name":"BeamNGTrigger_16","class":"BeamNGTrigger","__parent":"SimGroup_","position":[-933.734985,769.389038,92.220726],"rotationMatrix":[0.316104352,-0.94872427,0,0.948560834,0.316049933,-0.0185572151,0.017605653,0.0058660768,0.999827623]}
{"name":"BeamNGTrigger_160","class":"BeamNGTrigger","__parent":"SimGroup_","position":[912.357056,-522.12677,163.435516],"rotationMatrix":[-1,0,0,0,-0.999999821,-1.00413963e-05,0,-1.02202102e-05,0.999999821]}
{"name":"BeamNGTrigger_161","class":"BeamNGTrigger","__parent":"SimGroup_","position":[879.463013,-552.729675,163.54361],"rotationMatrix":[-1,0,0,0,-0.999999821,-1.00413963e-05,0,-1.02202102e-05,0.999999821]}
{"name":"BeamNGTrigger_162","class":"BeamNGTrigger","__parent":"SimGroup_","position":[899.163574,-564.904541,163.54361],"rotationMatrix":[-1,0,0,0,-0.999999821,-1.00413963e-05,0,-1.02202102e-05,0.999999821]}
{"name":"BeamNGTrigger_163","class":"BeamNGTrigger","__parent":"SimGroup_","position":[900.337524,-557.467529,163.54361],"rotationMatrix":[-1,0,0,0,-0.999999821,-1.00413963e-05,0,-1.02202102e-05,0.999999821]}
{"name":"BeamNGTrigger_164","class":"BeamNGTrigger","__parent":"SimGroup_","position":[851.629028,-538.428955,165.109848],"rotationMatrix":[0.999999881,2.00115392e-05,0,-2.00101658e-05,0.999931037,-0.0117233647,-2.34601316e-07,0.0117233647,0.999931037]}
{"name":"BeamNGTrigger_165","class":"BeamNGTrigger","__parent":"SimGroup_","position":[842.794556,-537.552246,165.15033],"rotationMatrix":[0.70650959,-0.707703233,0,0.707678974,0.706485391,-0.00827893242,0.00585907837,0.005849184,0.999965608]}
{"name":"BeamNGTrigger_166","class":"BeamNGTrigger","__parent":"SimGroup_","position":[812.536011,-534.057861,165.163498],"rotationMatrix":[-1,0,0,0,-0.999999821,-1.00413963e-05,0,-1.02202102e-05,0.999999821]}
{"name":"BeamNGTrigger_167","class":"BeamNGTrigger","__parent":"SimGroup_","position":[799.727783,-533.645508,165.169357],"rotationMatrix":[-1,0,0,0,-0.999999821,-1.00413963e-05,0,-1.02202102e-05,0.999999821]}
{"name":"BeamNGTrigger_168","class":"BeamNGTrigger","__parent":"SimGroup_","position":[798.447388,-636.158936,173.320404],"rotationMatrix":[0.624843478,-0.780749798,0,0.778553486,0.623085737,-0.0749540478,0.0585203134,0.0468345769,0.99718672]}
{"name":"BeamNGTrigger_169","class":"BeamNGTrigger","__parent":"SimGroup_","position":[801.420532,-632.942017,172.949326],"rotationMatrix":[0.524106801,-0.851652324,-2.98023188e-08,0.848255336,0.522016287,-0.0892262012,0.0759896636,0.046764113,0.996011198]}
{"name":"BeamNGTrigger_17","class":"BeamNGTrigger","__parent":"SimGroup_","position":[-837.700195,844.542114,74.8667603],"rotationMatrix":[-1,0,0,0,-0.999999821,-1.00413963e-05,0,-1.02202102e-05,0.999999821]}
{"name":"BeamNGTrigger_170","class":"BeamNGTrigger","__parent":"SimGroup_","position":[665.853638,-713.341858,199.931366],"rotationMatrix":[-0.275004089,-0.961442947,2.98023188e-08,0.96056658,-0.274753451,-0.0426850505,0.0410393067,-0.0117385602,0.999088407]}
{"name":"BeamNGTrigger_171","class":"BeamNGTrigger","__parent":"SimGroup_","position":[666.468628,-708.693237,199.805756],"rotationMatrix":[0.554700077,-0.832050204,0,0.830378234,0.55358547,-0.0633613616,0.0527198017,0.0351465754,0.997990489]}
{"name":"BeamNGTrigger_172","class":"BeamNGTrigger","__parent":"SimGroup_","position":[565.658569,-693.916809,200.671799],"rotationMatrix":[-1,0,0,0,-0.999999821,-1.00413963e-05,0,-1.02202102e-05,0.999999821]}
{"name":"BeamNGTrigger_173","class":"BeamNGTrigger","__parent":"SimGroup_","position":[656.398804,-602.440369,227.93396],"rotationMatrix":[-1,0,0,0,-0.999999821,-1.00413963e-05,0,-1.02202102e-05,0.999999821]}
{"name":"BeamNGTrigger_174","class":"BeamNGTrigger","__parent":"SimGroup_","position":[298.214569,-801.35199,150.345642],"rotationMatrix":[-0.972073913,0.234674573,-7.45057971e-09,-0.231157586,-0.957505763,-0.172477484,-0.0404761024,-0.167660892,0.985013306]}
{"name":"BeamNGTrigger_175","class":"BeamNGTrigger","__parent":"SimGroup_","position":[288.187988,-802.115295,149.936188],"rotationMatrix":[-0.997632146,0.0687744543,0,-0.0677947849,-0.983421206,-0.168185413,-0.0115668681,-0.167787254,0.985755205]}
{"name":"BeamNGTrigger_176","class":"BeamNGTrigger","__parent":"SimGroup_","position":[474.336517,-646.972229,171.941589],"rotationMatrix":[-0.874163032,0.485632122,0,-0.482124627,-0.86784941,-0.119970389,-0.058261469,-0.104873709,0.992777288]}
{"name":"BeamNGTrigger_177","class":"BeamNGTrigger","__parent":"SimGroup_","position":[333.688965,-737.829468,154.418808],"rotationMatrix":[0.911939144,0.41032517,1.49011594e-08,-0.406968325,0.90447855,-0.127651572,-0.0523786657,0.116410494,0.991818905]}
{"name":"BeamNGTrigger_178","class":"BeamNGTrigger","__parent":"SimGroup_","position":[471.156952,-644.619202,171.886581],"rotationMatrix":[-0.635702968,0.771933556,0,-0.76556474,-0.630458236,-0.128189862,-0.0989540964,-0.0814907923,0.991749465]}
{"name":"BeamNGTrigger_179","class":"BeamNGTrigger","__parent":"SimGroup_","position":[928.052246,-1039.67249,167.039703],"rotationMatrix":[-0.290379345,-0.956911445,-5.96046377e-08,0.956892431,-0.290373623,-0.00629600557,0.0060246517,-0.00182821869,0.999980032]}
{"name":"BeamNGTrigger_18","class":"BeamNGTrigger","__parent":"SimGroup_","position":[-833.774048,847.643799,74.8667603],"rotationMatrix":[-1,0,0,0,-0.999999821,-1.00413963e-05,0,-1.02202102e-05,0.999999821]}
{"name":"BeamNGTrigger_180","class":"BeamNGTrigger","__parent":"SimGroup_","position":[924.149658,-1038.11157,167.060959],"rotationMatrix":[-0.0563862249,-0.998408914,2.98023188e-08,0.998395383,-0.0563854761,-0.0051996382,0.00519138249,-0.000293259713,0.999986351]}
{"name":"BeamNGTrigger_181","class":"BeamNGTrigger","__parent":"SimGroup_","position":[919.386597,-1036.0498,167.087814],"rotationMatrix":[0.0563831255,-0.998409092,5.96046377e-08,0.998382866,0.0563816912,-0.0072447923,0.00723328814,0.000408535067,0.999973595]}
{"name":"BeamNGTrigger_182","class":"BeamNGTrigger","__parent":"SimGroup_","position":[915.903809,-1034.66675,167.107224],"rotationMatrix":[0.280930698,-0.959727943,0,0.95970732,0.280924708,-0.00654765638,0.00628402131,0.00183942355,0.999978364]}
{"name":"BeamNGTrigger_183","class":"BeamNGTrigger","__parent":"SimGroup_","position":[1188.9491,-1084.99182,162.791992],"rotationMatrix":[0.739150763,0.673539758,0,-0.672543406,0.738057435,-0.0543711931,-0.0366211459,0.0401884876,0.998520613]}
{"name":"BeamNGTrigger_184","class":"BeamNGTrigger","__parent":"SimGroup_","position":[1191.75439,-1087.60181,162.997177],"rotationMatrix":[0.743066669,0.66921711,0,-0.66827476,0.742020309,-0.0530491024,-0.0355013534,0.0394190513,0.998591661]}
{"name":"BeamNGTrigger_185","class":"BeamNGTrigger","__parent":"SimGroup_","position":[1195.66431,-1090.68713,163.262085],"rotationMatrix":[0.733939767,0.679214299,-2.98023188e-08,-0.67820394,0.732847929,-0.0545248538,-0.0370340869,0.0400180183,0.998512208]}
{"name":"BeamNGTrigger_186","class":"BeamNGTrigger","__parent":"SimGroup_","position":[1198.96143,-1092.88135,163.469482],"rotationMatrix":[0.737740636,0.675083995,-2.98023188e-08,-0.674126983,0.736694932,-0.0532263666,-0.0359322652,0.0392672978,0.998582304]}
{"name":"BeamNGTrigger_187","class":"BeamNGTrigger","__parent":"SimGroup_","position":[802.085571,-855.730591,151.722733],"rotationMatrix":[0,0.999999881,0,-0.999569595,0,-0.0293300971,-0.0293300971,0,0.999569595]}
{"name":"BeamNGTrigger_188","class":"BeamNGTrigger","__parent":"SimGroup_","position":[800.091187,-851.774048,151.652466],"rotationMatrix":[0,0.999999881,0,-0.999569178,0,-0.0293453559,-0.0293453559,0,0.999569178]}
{"name":"BeamNGTrigger_189","class":"BeamNGTrigger","__parent":"SimGroup_","position":[798.229614,-846.676514,151.597839],"rotationMatrix":[0,0.999999881,0,-0.999569595,0,-0.0293300971,-0.0293300971,0,0.999569595]}
{"name":"BeamNGTrigger_19","class":"BeamNGTrigger","__parent":"SimGroup_","position":[-735.070679,815.121643,74.8667603],"rotationMatrix":[-1,0,0,0,-0.999999821,-1.00413963e-05,0,-1.02202102e-05,0.999999821]}
{"name":"BeamNGTrigger_190","class":"BeamNGTrigger","__parent":"SimGroup_","position":[796.619019,-842.652588,151.540436],"rotationMatrix":[0.164190978,0.98642838,0,-0.985800803,0.164086431,-0.0356638022,-0.0351796933,0.00585569302,0.999363601]}
{"name":"BeamNGTrigger_191","class":"BeamNGTrigger","__parent":"SimGroup_","position":[99.2885437,-958.034912,126.14917],"rotationMatrix":[0.94872427,-0.316104412,0,0.315886855,0.948071241,-0.0370952077,0.0117259575,0.0351931006,0.999311566]}
{"name":"BeamNGTrigger_192","class":"BeamNGTrigger","__parent":"SimGroup_","position":[100.139465,-954.373779,126.015358],"rotationMatrix":[0.961550772,-0.274626762,-1.49011594e-08,0.274376392,0.960674226,-0.0426882096,0.0117233312,0.0410468765,0.999088228]}
{"name":"BeamNGTrigger_193","class":"BeamNGTrigger","__parent":"SimGroup_","position":[102.26355,-948.421631,125.776169],"rotationMatrix":[0.928426623,-0.371515453,1.49011594e-08,0.371330082,0.927963197,-0.0315891095,0.0117358118,0.0293281842,0.999500692]}
{"name":"BeamNGTrigger_194","class":"BeamNGTrigger","__parent":"SimGroup_","position":[103.480225,-944.006226,125.620445],"rotationMatrix":[0.980590343,-0.19606708,-7.45057971e-09,0.195979342,0.980151653,-0.0299100503,0.00586439762,0.0293294992,0.999552488]}
{"name":"BeamNGTrigger_195","class":"BeamNGTrigger","__parent":"SimGroup_","position":[-241.436859,-636.746399,114.415138],"rotationMatrix":[0.928509831,0.371307373,1.49011594e-08,-0.371122122,0.928046525,-0.0315861292,-0.0117281675,0.0293280054,0.999500811]}
{"name":"BeamNGTrigger_196","class":"BeamNGTrigger","__parent":"SimGroup_","position":[-235.937103,-632.199036,114.355415],"rotationMatrix":[0.857453465,0.514561176,0,-0.514260173,0.856951773,-0.0342008062,-0.0175983571,0.0293256138,0.999414742]}
{"name":"BeamNGTrigger_197","class":"BeamNGTrigger","__parent":"SimGroup_","position":[-223.555389,-621.782532,113.616684],"rotationMatrix":[0.99226284,-0.124153778,3.72528985e-09,0.124015026,0.991153836,-0.0472646505,0.00586807169,0.046898976,0.998882174]}
{"name":"BeamNGTrigger_198","class":"BeamNGTrigger","__parent":"SimGroup_","position":[-217.517868,-616.486816,113.320854],"rotationMatrix":[0.992282689,-0.123995036,-7.45057971e-09,0.123856455,0.991173744,-0.047263518,0.0058604572,0.0468987972,0.998882294]}
{"name":"BeamNGTrigger_199","class":"BeamNGTrigger","__parent":"SimGroup_","position":[-494.204559,-150.615097,98.8335419],"rotationMatrix":[0.446374655,-0.894846022,-2.98023188e-08,0.894768894,0.44633618,-0.0131202592,0.0117405811,0.00585655216,0.999913752]}
{"name":"BeamNGTrigger_2","class":"BeamNGTrigger","__parent":"SimGroup_","position":[-882.644409,86.8006439,136.537872],"rotationMatrix":[-0.734828711,-0.678252518,0,0.66408354,-0.719477832,-0.203333363,0.137911409,-0.149415284,0.979109406]}
{"name":"BeamNGTrigger_20","class":"BeamNGTrigger","__parent":"SimGroup_","position":[-729.95752,809.752563,74.8667526],"rotationMatrix":[-1,0,0,0,-0.999999821,-1.00413963e-05,0,-1.02202102e-05,0.999999821]}
{"name":"BeamNGTrigger_200","class":"BeamNGTrigger","__parent":"SimGroup_","position":[-488.382935,-149.925797,98.7611542],"rotationMatrix":[0.446374655,-0.894846022,-2.98023188e-08,0.894768894,0.44633618,-0.0131202592,0.0117405811,0.00585655216,0.999913752]}
{"name":"BeamNGTrigger_201","class":"BeamNGTrigger","__parent":"SimGroup_","position":[-467.891357,-147.117294,98.2328339],"rotationMatrix":[-1.19209275e-07,-0.99999994,0,0.999845028,1.04216062e-14,-0.0175982956,0.017598385,-1.19209268e-07,0.999845028]}
{"name":"BeamNGTrigger_202","class":"BeamNGTrigger","__parent":"SimGroup_","position":[-463.648712,-146.719833,98.1698761],"rotationMatrix":[5.96046377e-08,-0.999999821,0,0.99984479,-5.21080312e-15,-0.0176059846,0.017605925,5.96046341e-08,0.99984479]}
{"name":"BeamNGTrigger_203","class":"BeamNGTrigger","__parent":"SimGroup_","position":[-87.5573044,379.292175,101.566803],"rotationMatrix":[-0.831883788,-0.554949701,0,0.554825544,-0.831697583,-0.0211532954,0.0117390612,-0.0175971482,0.999776125]}
{"name":"BeamNGTrigger_204","class":"BeamNGTrigger","__parent":"SimGroup_","position":[-86.1531906,374.574432,101.453682],"rotationMatrix":[-0.970086694,-0.242758125,0,0.242687061,-0.969802797,-0.024192594,0.00587294763,-0.0234689321,0.999707162]}
{"name":"BeamNGTrigger_205","class":"BeamNGTrigger","__parent":"SimGroup_","position":[-84.9216461,369.447205,101.357903],"rotationMatrix":[-0.999999881,-1.99774749e-05,0,1.99760962e-05,-0.999930799,-0.0117508424,2.34753202e-07,-0.011750902,0.999930799]}
{"name":"BeamNGTrigger_206","class":"BeamNGTrigger","__parent":"SimGroup_","position":[-83.3441315,365.537537,101.283279],"rotationMatrix":[-0.894688249,-0.446690977,-1.49011594e-08,0.446652442,-0.894610882,-0.0131339086,0.00586680369,-0.0117507735,0.999913573]}
{"name":"BeamNGTrigger_207","class":"BeamNGTrigger","__parent":"SimGroup_","position":[128.961838,1033.65259,105.498718],"rotationMatrix":[-0.981608272,-0.190905213,0,0.190891594,-0.981538236,-0.0119443191,0.00228022924,-0.0117245549,0.999928415]}
{"name":"BeamNGTrigger_208","class":"BeamNGTrigger","__parent":"SimGroup_","position":[133.340317,1034.03162,105.493103],"rotationMatrix":[-0.979926944,-0.199357063,7.45057971e-09,0.199342862,-0.979857147,-0.011924888,0.00237733335,-0.0116856936,0.999928772]}
{"name":"BeamNGTrigger_209","class":"BeamNGTrigger","__parent":"SimGroup_","position":[138.596466,1034.62134,105.487823],"rotationMatrix":[-0.981399417,-0.191976041,0,0.191962361,-0.98132956,-0.0119317425,0.00229060045,-0.0117097739,0.999928594]}
{"name":"BeamNGTrigger_21","class":"BeamNGTrigger","__parent":"SimGroup_","position":[-725.018921,805.280762,74.8667603],"rotationMatrix":[-1,0,0,0,-0.999999821,-1.00413963e-05,0,-1.02202102e-05,0.999999821]}
{"name":"BeamNGTrigger_210","class":"BeamNGTrigger","__parent":"SimGroup_","position":[142.245758,1036.13354,105.497154],"rotationMatrix":[-0.980183959,-0.198088974,7.45057971e-09,0.198074892,-0.980114281,-0.0119125498,0.0023597572,-0.0116765145,0.999928892]}
{"name":"BeamNGTrigger_211","class":"BeamNGTrigger","__parent":"SimGroup_","position":[-0.130645752,1685.56592,98.6036224],"rotationMatrix":[0.904129207,0.42725879,0,-0.427139848,0.903877556,-0.0235913023,-0.0100795981,0.0213295966,0.999721467]}
{"name":"BeamNGTrigger_212","class":"BeamNGTrigger","__parent":"SimGroup_","position":[4.18896484,1686.31335,98.6322937],"rotationMatrix":[0.868686199,0.495362461,-1.49011594e-08,-0.495257348,0.868501902,-0.0205973033,-0.0102031492,0.0178926121,0.999787688]}
{"name":"BeamNGTrigger_213","class":"BeamNGTrigger","__parent":"SimGroup_","position":[9.67713928,1687.04114,98.6716232],"rotationMatrix":[0.946985006,0.32127738,0,-0.321216762,0.946806133,-0.0194294695,-0.00624225708,0.018399436,0.999810994]}
{"name":"BeamNGTrigger_214","class":"BeamNGTrigger","__parent":"SimGroup_","position":[15.0462646,1687.75085,98.6921692],"rotationMatrix":[0.972328663,0.23361665,0,-0.233579218,0.972172916,-0.0178980473,-0.00418130029,0.0174027905,0.999839723]}
{"name":"BeamNGTrigger_215","class":"BeamNGTrigger","__parent":"SimGroup_","position":[-494.070526,2065.85962,78.7098541],"rotationMatrix":[-0.190378875,-0.981710613,-2.98023188e-08,0.981705725,-0.190377906,-0.00313922483,0.00308182416,-0.000597731909,0.999994934]}
{"name":"BeamNGTrigger_216","class":"BeamNGTrigger","__parent":"SimGroup_","position":[-486.751404,2064.21606,78.6856613],"rotationMatrix":[-0.260637701,-0.965436578,0,0.965431809,-0.2606363,-0.00313934404,0.00303089037,-0.000818275148,0.999994934]}
{"name":"BeamNGTrigger_217","class":"BeamNGTrigger","__parent":"SimGroup_","position":[-603.770447,2014.13562,78.8123016],"rotationMatrix":[-1,0,0,0,-0.999999821,-1.00413963e-05,0,-1.02202102e-05,0.999999821]}
{"name":"BeamNGTrigger_218","class":"BeamNGTrigger","__parent":"SimGroup_","position":[-600.988708,2023.96716,78.812294],"rotationMatrix":[-0.985717535,-0.168406755,0,0.16840674,-0.985717416,-1.06374428e-05,1.79541098e-06,-1.05765894e-05,0.999999821]}
{"name":"BeamNGTrigger_219","class":"BeamNGTrigger","__parent":"SimGroup_","position":[-573.744263,1973.22986,80.4157562],"rotationMatrix":[-0.994365811,0.106000766,-3.72528985e-09,-0.106000759,-0.994365871,-9.86258237e-06,-1.04862261e-06,-9.74288105e-06,0.999999821]}
{"name":"BeamNGTrigger_22","class":"BeamNGTrigger","__parent":"SimGroup_","position":[-719.779541,771.754761,82.2394257],"rotationMatrix":[0.0434788391,-0.999054253,5.96046377e-08,0.990057826,0.0430873856,-0.13389796,0.13377142,0.00582170766,0.99099499]}
{"name":"BeamNGTrigger_220","class":"BeamNGTrigger","__parent":"SimGroup_","position":[-582.398193,1975.36108,80.4157562],"rotationMatrix":[-0.999081016,-0.0428608283,1.86264493e-09,0.0428608283,-0.999080837,-1.24255812e-05,5.34600758e-07,-1.24851058e-05,0.999999821]}
{"name":"BeamNGTrigger_221","class":"BeamNGTrigger","__parent":"SimGroup_","position":[-742.12854,1986.31201,80.4157639],"rotationMatrix":[-0.99917531,0.0406008959,1.86264493e-09,-0.0406008959,-0.999175251,-1.23063719e-05,-5.00875558e-07,-1.22466954e-05,0.999999821]}
{"name":"BeamNGTrigger_222","class":"BeamNGTrigger","__parent":"SimGroup_","position":[-738.467896,1972.53516,80.4157486],"rotationMatrix":[-1,0,0,0,-0.999999821,-1.00413963e-05,0,-1.02202102e-05,0.999999821]}
{"name":"BeamNGTrigger_223","class":"BeamNGTrigger","__parent":"SimGroup_","position":[-477.513855,1892.09497,81.5509567],"rotationMatrix":[0.455794334,-0.890084982,-2.98023188e-08,0.889170349,0.455325961,-0.0453208275,0.0403393917,0.0206569787,0.998972237]}
{"name":"BeamNGTrigger_224","class":"BeamNGTrigger","__parent":"SimGroup_","position":[-469.400299,1881.50952,81.5],"rotationMatrix":[0.669044495,-0.743222117,-2.98023188e-08,0.742744207,0.668614268,-0.0358554311,0.026648581,0.0239888951,0.999356806]}
{"name":"BeamNGTrigger_225","class":"BeamNGTrigger","__parent":"SimGroup_","position":[-469.086029,1966.83594,81.3907547],"rotationMatrix":[-1,0,0,0,-0.999999821,-1.00413963e-05,0,-1.02202102e-05,0.999999821]}
{"name":"BeamNGTrigger_226","class":"BeamNGTrigger","__parent":"SimGroup_","position":[-479.677795,1969.53333,81.3907471],"rotationMatrix":[-0.986025453,-0.166593999,0,0.166593999,-0.986025393,-5.33263074e-06,8.78831315e-07,-5.33140883e-06,0.999999821]}
{"name":"BeamNGTrigger_227","class":"BeamNGTrigger","__parent":"SimGroup_","position":[-594.018738,1892.99194,85.4118729],"rotationMatrix":[0.999446571,-0.0332614928,0,0.0332597941,0.99939543,-0.0101111196,0.000336312747,0.0101055764,0.99994868]}
{"name":"BeamNGTrigger_228","class":"BeamNGTrigger","__parent":"SimGroup_","position":[-597.608765,1876.98706,85.3483582],"rotationMatrix":[-0.952507973,-0.304513454,0,0.304484069,-0.952415884,-0.0138960136,0.00423155306,-0.0132361259,0.999903262]}
{"name":"BeamNGTrigger_229","class":"BeamNGTrigger","__parent":"SimGroup_","position":[-892.726807,2046.26343,82.1499786],"rotationMatrix":[0.890806139,-0.454383254,-1.49011594e-08,0.454348296,0.890737653,-0.0123940958,0.00563170901,0.0110407639,0.999922991]}
{"name":"BeamNGTrigger_23","class":"BeamNGTrigger","__parent":"SimGroup_","position":[-719.890869,766.895508,82.2875824],"rotationMatrix":[0,-0.999999881,0,0.990224123,0,-0.139484465,0.139484525,0,0.990224123]}
{"name":"BeamNGTrigger_230","class":"BeamNGTrigger","__parent":"SimGroup_","position":[-895.970337,2034.12573,82.2025986],"rotationMatrix":[0.56877017,-0.822496295,0,0.822495103,0.568769395,-0.00163063174,0.00134120602,0.000927497807,0.99999845]}
{"name":"BeamNGTrigger_231","class":"BeamNGTrigger","__parent":"SimGroup_","position":[-1055.63721,1932.04492,92.661377],"rotationMatrix":[0.79139483,-0.611304998,0,0.610659242,0.790558755,-0.0459525771,0.0280910023,0.0363666452,0.998943388]}
{"name":"BeamNGTrigger_232","class":"BeamNGTrigger","__parent":"SimGroup_","position":[-1045.85779,1928.45117,92.5357208],"rotationMatrix":[0.833616495,-0.552343369,0,0.551883042,0.832921743,-0.0408163853,0.0225446373,0.0340252593,0.999166489]}
{"name":"BeamNGTrigger_233","class":"BeamNGTrigger","__parent":"SimGroup_","position":[-1184.15967,1925.77734,94.3939209],"rotationMatrix":[0.472512007,-0.881324053,0,0.881302297,0.472500324,-0.0070202616,0.00618712697,0.0033171582,0.999975145]}
{"name":"BeamNGTrigger_234","class":"BeamNGTrigger","__parent":"SimGroup_","position":[-1173.99792,1921.83496,93.9786682],"rotationMatrix":[-0.180095881,-0.983648956,2.98023188e-08,0.981124222,-0.179633558,-0.0716009885,0.0704302937,-0.0128950011,0.997433126]}
{"name":"BeamNGTrigger_235","class":"BeamNGTrigger","__parent":"SimGroup_","position":[-1176.31958,1880.96375,94.596405],"rotationMatrix":[-0.739912987,-0.672702372,0,0.672637701,-0.739841819,-0.0138672842,0.00932854135,-0.0102606444,0.999903619]}
{"name":"BeamNGTrigger_236","class":"BeamNGTrigger","__parent":"SimGroup_","position":[-1165.19263,1886.40564,94.2050781],"rotationMatrix":[0.597869217,-0.801593423,-2.98023188e-08,0.799701512,0.596458137,-0.0686645061,0.055041045,0.0410523862,0.997639656]}
{"name":"BeamNGTrigger_237","class":"BeamNGTrigger","__parent":"SimGroup_","position":[-866.751465,1819.08936,86.1542511],"rotationMatrix":[0.875307918,-0.483565658,1.49011594e-08,0.482959181,0.874210179,-0.0500665456,0.0242104605,0.0438236706,0.998745739]}
{"name":"BeamNGTrigger_238","class":"BeamNGTrigger","__parent":"SimGroup_","position":[-872.326172,1808.93115,86.6251831],"rotationMatrix":[0.958876729,-0.283822417,-1.49011594e-08,0.283682406,0.958403587,-0.0314079709,0.00891428534,0.0301163383,0.999506474]}
{"name":"BeamNGTrigger_239","class":"BeamNGTrigger","__parent":"SimGroup_","position":[-477.4711,1847.7002,85.0048523],"rotationMatrix":[0.510409236,0.859931469,-5.96046377e-08,-0.859464407,0.510132015,-0.03295191,-0.0283363555,0.0168190412,0.999456763]}
{"name":"BeamNGTrigger_24","class":"BeamNGTrigger","__parent":"SimGroup_","position":[-722.189819,623.708618,114.691299],"rotationMatrix":[-0.0852757543,-0.996357203,0,0.985683501,-0.0843622535,-0.145981669,0.145449817,-0.0124486731,0.989287078]}
{"name":"BeamNGTrigger_240","class":"BeamNGTrigger","__parent":"SimGroup_","position":[-476.194244,1843.37292,85.0907288],"rotationMatrix":[0.327075303,0.944998145,0,-0.944710553,0.326975793,-0.0246659145,-0.0233092196,0.00806763489,0.999695599]}
{"name":"BeamNGTrigger_241","class":"BeamNGTrigger","__parent":"SimGroup_","position":[-474.881104,1838.00574,85.1158218],"rotationMatrix":[-0.47047919,0.882410944,0,-0.8822999,-0.470419943,-0.0158586148,-0.0139938146,-0.0074611106,0.999874055]}
{"name":"BeamNGTrigger_242","class":"BeamNGTrigger","__parent":"SimGroup_","position":[-473.203247,1833.44189,85.104866],"rotationMatrix":[-0.430456579,0.902611077,2.98023188e-08,-0.902532876,-0.430419326,-0.0131641878,-0.0118820835,-0.00566653116,0.999913156]}
{"name":"BeamNGTrigger_243","class":"BeamNGTrigger","__parent":"SimGroup_","position":[93.381897,1860.76489,102.582504],"rotationMatrix":[0.316919148,-0.948452473,-2.98023188e-08,0.947803676,0.316702425,-0.0369772501,0.0350712389,0.0117187751,0.999315917]}
{"name":"BeamNGTrigger_244","class":"BeamNGTrigger","__parent":"SimGroup_","position":[94.6607971,1855.70056,102.576881],"rotationMatrix":[0.0364370272,-0.999335885,-2.98023188e-08,0.998621166,0.0364110097,-0.0378119536,0.0377869196,0.00137770467,0.999284685]}
{"name":"BeamNGTrigger_245","class":"BeamNGTrigger","__parent":"SimGroup_","position":[96.1364441,1849.57446,102.468079],"rotationMatrix":[-0.306050718,-0.952015042,0,0.950712383,-0.305631936,-0.0522948653,0.0497855358,-0.0160048231,0.998631537]}
{"name":"BeamNGTrigger_246","class":"BeamNGTrigger","__parent":"SimGroup_","position":[97.1499176,1845.53894,102.33448],"rotationMatrix":[-0.428319871,-0.903627038,0,0.902217805,-0.427651793,-0.0558263212,0.0504461899,-0.0239115078,0.998440325]}
